{
 "cells": [
  {
   "cell_type": "code",
   "execution_count": 13,
   "id": "2a13b87d",
   "metadata": {},
   "outputs": [],
   "source": [
    "import numpy as np\n",
    "import pandas as pd\n",
    "\n",
    "# feature scaling\n",
    "from sklearn.preprocessing import MinMaxScaler\n",
    "\n",
    "# GLM \n",
    "import statsmodels.api as sm\n",
    "import statsmodels.formula.api as smf\n",
    "\n",
    "# Import Machine learning algorithms\n",
    "from sklearn.linear_model import LogisticRegression\n",
    "from sklearn.svm import SVC\n",
    "from sklearn.tree import DecisionTreeClassifier # Import Decision Tree Classifier\n",
    "from sklearn.ensemble import RandomForestClassifier # Import RandomForestClassifier\n",
    "from sklearn.model_selection import train_test_split # Import train_test_split function\n",
    "from sklearn.preprocessing import StandardScaler # Import Feature Importance StandardScaler\n",
    "# Import metric for performance evaluation\n",
    "from sklearn import metrics \n",
    "from sklearn.metrics import classification_report, confusion_matrix\n",
    "\n",
    "# Feature selection to improve model building\n",
    "from sklearn.feature_selection import RFECV\n",
    "from sklearn.model_selection import StratifiedKFold\n",
    "\n",
    "# undersampling for class imbalance\n",
    "from imblearn.under_sampling import RandomUnderSampler\n",
    "\n",
    "# Import feature and tree visualization\n",
    "import seaborn as sns\n",
    "import matplotlib.pyplot as plt\n",
    "from sklearn import tree\n",
    "from matplotlib import style\n",
    "import plotly.express as px \n"
   ]
  },
  {
   "cell_type": "code",
   "execution_count": 14,
   "id": "addcf1ef",
   "metadata": {
    "scrolled": true
   },
   "outputs": [
    {
     "name": "stdout",
     "output_type": "stream",
     "text": [
      "Index(['Age', 'Attrition', 'BusinessTravel', 'DailyRate', 'Department',\n",
      "       'DistanceFromHome', 'Education', 'EducationField', 'EmployeeCount',\n",
      "       'EmployeeNumber', 'EnvironmentSatisfaction', 'Gender', 'HourlyRate',\n",
      "       'JobInvolvement', 'JobLevel', 'JobRole', 'JobSatisfaction',\n",
      "       'MaritalStatus', 'MonthlyIncome', 'MonthlyRate', 'NumCompaniesWorked',\n",
      "       'Over18', 'OverTime', 'PercentSalaryHike', 'PerformanceRating',\n",
      "       'RelationshipSatisfaction', 'StandardHours', 'StockOptionLevel',\n",
      "       'TotalWorkingYears', 'TrainingTimesLastYear', 'WorkLifeBalance',\n",
      "       'YearsAtCompany', 'YearsInCurrentRole', 'YearsSinceLastPromotion',\n",
      "       'YearsWithCurrManager'],\n",
      "      dtype='object')\n"
     ]
    }
   ],
   "source": [
    "# create dataframe with project's data set\n",
    "df = pd.read_csv('HR.csv')\n",
    "print(df.columns)"
   ]
  },
  {
   "cell_type": "markdown",
   "id": "7f71add8",
   "metadata": {},
   "source": [
    "## Data Preprocesssing"
   ]
  },
  {
   "cell_type": "code",
   "execution_count": 16,
   "id": "59c8664b",
   "metadata": {
    "scrolled": false
   },
   "outputs": [],
   "source": [
    "# deleting clearly unuseful variables (employee count, employee number, over 18, Standard Hours)\n",
    "df = df.drop(['EmployeeCount', 'EmployeeNumber', 'Over18', 'StandardHours'], axis=1)\n",
    "\n",
    "# drop rows that contain at least one empty cell\n",
    "df.dropna(axis='rows', thresh=1)\n",
    "\n",
    "# feature engineering\n",
    "def binary_map(feature):\n",
    "    return feature.map({'Yes':1, 'No':0})\n",
    "\n",
    "# encoding Gender categorical data\n",
    "df['Gender'] = df['Gender'].map({'Male':1, 'Female':0})\n",
    "\n",
    "# encoding Attrition and Overtime\n",
    "binary_list = ['Attrition', 'OverTime']\n",
    "df[binary_list] = df[binary_list].apply(binary_map)\n",
    "\n",
    "# one-hot encoding of features with more than two categories\n",
    "df = pd.get_dummies(df, drop_first=True)\n",
    "\n",
    "\n",
    "# feature scaling for logistic regression - MinMax Scaler\n",
    "# use df_regr for logistic regression model as decision trees don't need feature scaling\n",
    "df_MinMax = df\n",
    "sc = MinMaxScaler()\n",
    "to_scale = [col for col in df_MinMax.columns if df_MinMax[col].nunique() > 2]\n",
    "for col in to_scale:\n",
    "    df_MinMax[col] = sc.fit_transform(df_MinMax[[col]])\n",
    "    \n",
    "# feature scaling via Standard Scaler\n",
    "df_stc = df\n",
    "sc_ = StandardScaler()\n",
    "to_scale_ = [col for col in df_stc.columns if df_stc[col].nunique() > 2]\n",
    "for col in to_scale_:\n",
    "    df_stc[col] = sc_.fit_transform(df_stc[[col]])\n"
   ]
  },
  {
   "cell_type": "markdown",
   "id": "71297cd7",
   "metadata": {},
   "source": [
    "### Split Dataset into Test and Training"
   ]
  },
  {
   "cell_type": "code",
   "execution_count": 43,
   "id": "5b49bfa8",
   "metadata": {},
   "outputs": [],
   "source": [
    "# Split dataset into training set and test set\n",
    "# --->> use train set only for GLM and correlation already\n",
    "X = df.drop('Attrition', axis=1)\n",
    "y = df['Attrition']\n",
    "X_train, X_test, y_train, y_test = train_test_split(X, \n",
    "                                   y, test_size=0.3, random_state=50)\n",
    "\n",
    "# dealing with class imbalance\n",
    "# needs to be adjusted!!\n",
    "# split them by hand maybe\n",
    "# rus = RandomUnderSampler(random_state=0)\n",
    "# rus.fit(X_train, y_train)\n",
    "# X_train, y_train = rus.fit_resample(X_train, y_train)"
   ]
  },
  {
   "cell_type": "markdown",
   "id": "1b06121f",
   "metadata": {},
   "source": [
    "### Feature Correlation Check"
   ]
  },
  {
   "cell_type": "code",
   "execution_count": 32,
   "id": "4a69b04b",
   "metadata": {},
   "outputs": [
    {
     "data": {
      "application/vnd.plotly.v1+json": {
       "config": {
        "plotlyServerURL": "https://plot.ly"
       },
       "data": [
        {
         "coloraxis": "coloraxis",
         "hovertemplate": "x: %{x}<br>y: %{y}<br>color: %{z}<extra></extra>",
         "name": "0",
         "type": "heatmap",
         "x": [
          "Age",
          "DailyRate",
          "DistanceFromHome",
          "Education",
          "EnvironmentSatisfaction",
          "Gender",
          "HourlyRate",
          "JobInvolvement",
          "JobLevel",
          "JobSatisfaction",
          "MonthlyIncome",
          "MonthlyRate",
          "NumCompaniesWorked",
          "OverTime",
          "PercentSalaryHike",
          "PerformanceRating",
          "RelationshipSatisfaction",
          "StockOptionLevel",
          "TotalWorkingYears",
          "TrainingTimesLastYear",
          "WorkLifeBalance",
          "YearsAtCompany",
          "YearsInCurrentRole",
          "YearsSinceLastPromotion",
          "YearsWithCurrManager",
          "BusinessTravel_Travel_Frequently",
          "BusinessTravel_Travel_Rarely",
          "Department_Research & Development",
          "Department_Sales",
          "EducationField_Life Sciences",
          "EducationField_Marketing",
          "EducationField_Medical",
          "EducationField_Other",
          "EducationField_Technical Degree",
          "JobRole_Human Resources",
          "JobRole_Laboratory Technician",
          "JobRole_Manager",
          "JobRole_Manufacturing Director",
          "JobRole_Research Director",
          "JobRole_Research Scientist",
          "JobRole_Sales Executive",
          "JobRole_Sales Representative",
          "MaritalStatus_Married",
          "MaritalStatus_Single"
         ],
         "xaxis": "x",
         "y": [
          "Age",
          "DailyRate",
          "DistanceFromHome",
          "Education",
          "EnvironmentSatisfaction",
          "Gender",
          "HourlyRate",
          "JobInvolvement",
          "JobLevel",
          "JobSatisfaction",
          "MonthlyIncome",
          "MonthlyRate",
          "NumCompaniesWorked",
          "OverTime",
          "PercentSalaryHike",
          "PerformanceRating",
          "RelationshipSatisfaction",
          "StockOptionLevel",
          "TotalWorkingYears",
          "TrainingTimesLastYear",
          "WorkLifeBalance",
          "YearsAtCompany",
          "YearsInCurrentRole",
          "YearsSinceLastPromotion",
          "YearsWithCurrManager",
          "BusinessTravel_Travel_Frequently",
          "BusinessTravel_Travel_Rarely",
          "Department_Research & Development",
          "Department_Sales",
          "EducationField_Life Sciences",
          "EducationField_Marketing",
          "EducationField_Medical",
          "EducationField_Other",
          "EducationField_Technical Degree",
          "JobRole_Human Resources",
          "JobRole_Laboratory Technician",
          "JobRole_Manager",
          "JobRole_Manufacturing Director",
          "JobRole_Research Director",
          "JobRole_Research Scientist",
          "JobRole_Sales Executive",
          "JobRole_Sales Representative",
          "MaritalStatus_Married",
          "MaritalStatus_Single"
         ],
         "yaxis": "y",
         "z": [
          [
           1,
           -0.008056621567806193,
           0.004136778110693285,
           0.20258081076470677,
           -0.03439609202171298,
           -0.011361704104983121,
           0.02353674575211509,
           0.040978655763272386,
           0.538640959318695,
           0.006983826089159052,
           0.5274552071849509,
           0.03222478751792041,
           0.3100334874163514,
           0.04386037793924118,
           -0.017846664288164588,
           -0.014946244740953421,
           0.06544482901805308,
           0.02550159926827739,
           0.697829707128779,
           -0.022642244813765842,
           -0.02923297951126336,
           0.3321662357784719,
           0.2451819336447048,
           0.24183225846670878,
           0.22121114001086553,
           -0.000524689180429748,
           0.019002181897611284,
           0.01024356021942871,
           -0.00815027181610161,
           0.027623960956907532,
           0.036441176635414435,
           0.009287735174635577,
           -0.06051212134399208,
           -0.04217375907713518,
           -0.04845030426399591,
           -0.16309474594794038,
           0.30062168066631156,
           0.0714845442182753,
           0.21760811423596724,
           -0.17424983079119777,
           0.00967301919577358,
           -0.1605775789476589,
           0.055011572545153806,
           -0.09857755003837602
          ],
          [
           -0.008056621567806193,
           1,
           -0.004090751813356482,
           -0.04324880677630915,
           -0.00971270736363557,
           0.02116051718820107,
           0.013855260338830716,
           0.04544105506502386,
           -0.017729710799220588,
           0.012462455566462435,
           -0.014231926596462293,
           -0.04998434517955008,
           0.052701974917343,
           0.005809541672159339,
           0.007899713280957456,
           -0.013136220528750844,
           0.012364129317946514,
           0.034574730854607466,
           -0.0005342450374375798,
           -0.03034900713025051,
           -0.04305572554411217,
           -0.03568221480509348,
           0.001842804397274697,
           -0.013634487478035558,
           -0.021230566377755413,
           -0.035298194070078254,
           0.01393393452764755,
           0.03068259842243558,
           -0.015202123960621807,
           0.01991656654397878,
           -0.07677128291601092,
           0.03502795589704531,
           -0.006551639664809335,
           0.032524552117239765,
           -0.029125234639735664,
           0.022380824596963885,
           -0.04152099214500318,
           -0.0021467474470224387,
           -0.005235501418080898,
           0.016745643025915986,
           0.0024354005929568263,
           -0.020783466599666178,
           0.04712181468328707,
           -0.06466354624298763
          ],
          [
           0.004136778110693285,
           -0.004090751813356482,
           1,
           0.013393251502993267,
           -0.04835598354849655,
           -0.02348331536811226,
           0.06474133153206386,
           0.03508110741684496,
           0.029216846462344587,
           0.013654007915871793,
           0.009770028917382373,
           0.027599848069879664,
           -0.03955636816324836,
           0.04163900370047951,
           0.04316098415302345,
           0.029247434097884148,
           0.02430113420192291,
           0.03320409137136833,
           0.01191826354687436,
           -0.01688250303526284,
           -0.05080534513794991,
           0.004261525825938105,
           0.01200493090495157,
           -0.011088148614733935,
           0.014690748296978496,
           0.01731777021139351,
           -0.026282914723343043,
           0.0066580522377589785,
           0.007225798571499973,
           -0.006948035492976697,
           0.03712582483949024,
           0.00965650785151952,
           -0.030065723879074694,
           -0.019525137066750287,
           -0.04362925166198619,
           0.015670697351105337,
           -0.004643990397100308,
           0.013331508112609938,
           -0.027073079871376176,
           -0.01304968845601416,
           0.025523577529699044,
           -0.039386309389470214,
           0.03696418562605196,
           -0.02557325613927652
          ],
          [
           0.20258081076470677,
           -0.04324880677630915,
           0.013393251502993267,
           1,
           -0.048328570254043655,
           -0.007303796997056671,
           0.019140687709607015,
           0.06070173072395426,
           0.08503392318720718,
           -0.009056712549826297,
           0.07467870275807956,
           -0.032083537114780264,
           0.09879869548547665,
           -0.025292664131084244,
           -0.01080583300668433,
           -0.022507094555395166,
           0.0027407788369656046,
           0.006224733171148081,
           0.1529816529639653,
           -0.0218321828550295,
           0.020431210522863192,
           0.06785607527841406,
           0.0749412200838452,
           0.051718400500941,
           0.06857325614592631,
           -0.018285521976240594,
           0.03533542530576522,
           -0.004038444129768952,
           0.0069268827291707495,
           0.015233355573596898,
           0.07469358803266478,
           -0.07515564521392606,
           0.01810597272329369,
           -0.013058371181427378,
           -0.019238272632077256,
           -0.04280140971459946,
           -0.006778953723650445,
           -0.017645935146888527,
           0.054955607994582586,
           0.008023594999616435,
           0.058037821365170925,
           -0.09163304710053667,
           0.004249102401240867,
           0.00564279250723482
          ],
          [
           -0.03439609202171298,
           -0.00971270736363557,
           -0.04835598354849655,
           -0.048328570254043655,
           1,
           0.03819079388073142,
           -0.01862697138898364,
           -0.00856080740184427,
           -0.040894235667464696,
           -0.011097432471894117,
           -0.04671704746800287,
           0.03549452677714827,
           0.013811823260039007,
           0.08480276186105011,
           -0.02273403110752056,
           -0.029319138618694427,
           0.022428687678609564,
           -0.008353019819173193,
           -0.04628573891087485,
           0.0061758865345795345,
           0.035707569101655644,
           -0.018578056243140306,
           0.011913416668201818,
           0.009881526841133859,
           0.007567718622293215,
           -0.005054113576550913,
           0.014448796194938213,
           0.025237686851463104,
           -0.02026562864258018,
           0.006743556239226126,
           -0.016789732089777746,
           -0.021505059367245446,
           0.03968500005835633,
           0.018400884494897792,
           -0.027902485964359323,
           -0.014595650933502497,
           -0.014653385906101483,
           0.07095918741224926,
           -0.06877123653113805,
           0.02423916082272207,
           -0.00328096045179483,
           -0.005220113283137345,
           -0.04039379678567087,
           0.04105538813324211
          ],
          [
           -0.011361704104983121,
           0.02116051718820107,
           -0.02348331536811226,
           -0.007303796997056671,
           0.03819079388073142,
           1,
           0.006093272691682306,
           0.028484597282312257,
           -0.03776181656293963,
           0.023534269412609925,
           -0.027411043534825572,
           -0.05304892478406543,
           -0.027674117795165612,
           -0.01356645296716363,
           0.012815791563799986,
           -0.01759000053376392,
           0.019014208440591616,
           0.02548564892360102,
           -0.037312608290206176,
           -0.018358675631251542,
           0.00921955436783386,
           -0.04252744645813564,
           -0.045536208648907645,
           -0.042442446284037774,
           -0.04868216130209916,
           -0.01268852207582696,
           -0.007411868226405244,
           0.018293120402984336,
           -0.029064337036225255,
           -0.013663998491856367,
           -0.028754522518957232,
           0.02377757166477559,
           0.025410367533265137,
           -0.013790084554125505,
           0.021462476322382063,
           0.08565566176357947,
           -0.029048908222420726,
           -0.059242376055817364,
           0.009641015252855071,
           0.002336206596239611,
           0.00635401529935393,
           -0.042923897880806645,
           0.0075601867782545,
           -0.06261551126119448
          ],
          [
           0.02353674575211509,
           0.013855260338830716,
           0.06474133153206386,
           0.019140687709607015,
           -0.01862697138898364,
           0.006093272691682306,
           1,
           0.05225945166639003,
           -0.032520728036818596,
           -0.08704358447155114,
           -0.015186060751605097,
           -0.051314460104712176,
           0.016052143823549074,
           0.013405979789988112,
           -0.02735504886335733,
           -0.020484315698170524,
           0.014127954669092509,
           0.03807055954519241,
           0.0036125779019524937,
           -0.014892056739726853,
           -0.0056323147805704115,
           -0.0090094159116995,
           -0.013481741771747666,
           -0.014748192281829883,
           -0.005115398136347332,
           -0.025877636811047162,
           0.01837696735912082,
           0.020511657800758965,
           -0.011665853605476529,
           0.030204104503276992,
           -0.005889734276056268,
           -0.012790977640768303,
           -0.005886729177953244,
           -0.0010832194844724973,
           -0.022829142392990533,
           0.03017943901196589,
           0.011562660289531205,
           -0.019891993638523828,
           -0.021126040860155283,
           0.031109059999902343,
           -0.010476047372945928,
           -0.011979065413829053,
           0.05139919442002142,
           -0.044354669061364725
          ],
          [
           0.040978655763272386,
           0.04544105506502386,
           0.03508110741684496,
           0.06070173072395426,
           -0.00856080740184427,
           0.028484597282312257,
           0.05225945166639003,
           1,
           -0.004754216477521956,
           -0.04648206913250741,
           -0.01603127110471467,
           -0.03216479486511143,
           0.03615903328626125,
           0.013516814222344312,
           -0.004139941956843468,
           -0.03499916937361903,
           0.04273676115596374,
           0.018640003488956232,
           -0.004158446855083764,
           -0.018018616503412573,
           -0.012613820878000687,
           -0.03391812395562799,
           -0.006745921482247542,
           -0.047139284090444156,
           -0.00010334582391989483,
           -0.005486443465521403,
           0.03244224982608552,
           0.004293944726238302,
           -0.008299447178926847,
           -0.022424097242419814,
           -0.0030371179366827004,
           0.02575616390663569,
           -0.007165629398588506,
           -0.002458033886960043,
           0.0005503857681031516,
           -0.02897796454872849,
           0.009976221150872518,
           -0.02255569505898152,
           -0.002202750733903428,
           0.035497587939353634,
           0.009359824172222182,
           -0.034649505163597626,
           0.029099182913300183,
           -0.04881704072384082
          ],
          [
           0.538640959318695,
           -0.017729710799220588,
           0.029216846462344587,
           0.08503392318720718,
           -0.040894235667464696,
           -0.03776181656293963,
           -0.032520728036818596,
           -0.004754216477521956,
           1,
           0.0021233976015538687,
           0.9467192685635846,
           0.0670423241388937,
           0.15478959906402284,
           -0.010137094205294864,
           -0.002264727395573567,
           0.0109784903378522,
           0.03234000319772888,
           0.02158763959483368,
           0.7843566236316708,
           -0.009462567199712632,
           0.04844096538247875,
           0.5399301068782423,
           0.4048773424456833,
           0.3638903567894818,
           0.38288820836880616,
           -0.007979404397467296,
           0.029997439751218793,
           -0.08370354234190741,
           0.0962640743478461,
           -0.007854323072087707,
           0.06605790586627452,
           0.023807313400251145,
           -0.017235593881561026,
           -0.0721909806372934,
           -0.11557468606079681,
           -0.3418950064829644,
           0.5146692231107338,
           0.1251634635449449,
           0.43789702423226623,
           -0.3879428228322838,
           0.12734476930315283,
           -0.21072598867791956,
           0.06303399921589384,
           -0.08560591060592065
          ],
          [
           0.006983826089159052,
           0.012462455566462435,
           0.013654007915871793,
           -0.009056712549826297,
           -0.011097432471894117,
           0.023534269412609925,
           -0.08704358447155114,
           -0.04648206913250741,
           0.0021233976015538687,
           1,
           -0.0029035887704689503,
           0.007263324167173712,
           -0.037216162340327825,
           0.04401104584259997,
           0.020038448776483926,
           0.008396476306696125,
           -0.025188656124305955,
           0.029568785686061184,
           -0.016227109590216907,
           -0.03560490431505291,
           -0.029675800439859353,
           -0.005964359670862171,
           -0.005340792771482971,
           -0.00258599198637645,
           -0.02636675285268998,
           -0.0057842364731621266,
           -0.02704743890211406,
           0.006142735597896314,
           0.009076680245684938,
           0.07224892054368189,
           -0.025160119570953328,
           -0.029919423772851846,
           -0.026559673067674903,
           -0.001989394575047102,
           -0.040490028261666804,
           0.01846770852612308,
           0.013723501704617376,
           0.01524959152940823,
           -0.015585394387625828,
           -0.010325998648578949,
           -0.004932397395825754,
           0.011084511828920006,
           -0.002472860962239694,
           0.013491909381774215
          ],
          [
           0.5274552071849509,
           -0.014231926596462293,
           0.009770028917382373,
           0.07467870275807956,
           -0.04671704746800287,
           -0.027411043534825572,
           -0.015186060751605097,
           -0.01603127110471467,
           0.9467192685635846,
           -0.0029035887704689503,
           1,
           0.0611941023271109,
           0.164023771845577,
           -0.004877519030320714,
           0.0031939762046080435,
           0.014260278880036309,
           0.03669386029390198,
           0.014356818952285976,
           0.7739070147557539,
           -0.014175669100995382,
           0.037164146675552484,
           0.5183730812045269,
           0.3852722604994882,
           0.35625493962643656,
           0.3453893891805182,
           -0.02303884963266935,
           0.04404525195198187,
           -0.03523303635605221,
           0.03809343109468179,
           -0.0071060517635571216,
           0.033439677725254364,
           0.03488395561839597,
           -0.021574282800554696,
           -0.061394805276044136,
           -0.1053140366486793,
           -0.32159662611067774,
           0.5885120145019279,
           0.06399297198017656,
           0.5090371952104605,
           -0.3379081592295443,
           0.044656329895535106,
           -0.2039373663488213,
           0.07636839870793315,
           -0.09133044095796158
          ],
          [
           0.03222478751792041,
           -0.04998434517955008,
           0.027599848069879664,
           -0.032083537114780264,
           0.03549452677714827,
           -0.05304892478406543,
           -0.051314460104712176,
           -0.03216479486511143,
           0.0670423241388937,
           0.007263324167173712,
           0.0611941023271109,
           1,
           0.013481494476632926,
           0.022655269553953295,
           -0.017712753474364355,
           -0.019960506762090574,
           -0.004522404678864519,
           -0.04227856925401852,
           0.04344302138445102,
           0.007812853141246988,
           0.016650131161021795,
           -0.003389956843786244,
           0.004725204959521093,
           0.027563822389549048,
           -0.034989366283125205,
           -0.018783460726916144,
           0.019774021393714848,
           -0.009731483681026552,
           0.029209353864564563,
           0.04894276311822616,
           -0.02886492974174612,
           -0.015468909572419004,
           -0.030332184244035117,
           -0.004174582182564474,
           -0.03123676529094141,
           -0.029557174213453725,
           0.04769788106102198,
           -0.008669637340144854,
           0.05600898481320097,
           -0.030871948989628112,
           0.012575116414337362,
           -0.0030576117011694454,
           -0.03575147158822667,
           0.0602819578379207
          ],
          [
           0.3100334874163514,
           0.052701974917343,
           -0.03955636816324836,
           0.09879869548547665,
           0.013811823260039007,
           -0.027674117795165612,
           0.016052143823549074,
           0.03615903328626125,
           0.15478959906402284,
           -0.037216162340327825,
           0.164023771845577,
           0.013481494476632926,
           1,
           0.005862602887688727,
           0.0007662856921491535,
           -0.004147711755332702,
           0.062043726569457336,
           0.019765996998037046,
           0.2546884083990299,
           -0.06563860981504062,
           -0.012057526259100688,
           -0.10222581419233819,
           -0.09753254465468963,
           -0.013461160356859347,
           -0.1137812816592076,
           -0.016273348164774767,
           0.040325454916961406,
           0.043021125349519525,
           -0.053640746962043434,
           0.01261722454132817,
           -0.0190477686317639,
           0.01908196743315357,
           -0.023743922717140903,
           -0.02288353722396467,
           0.030804985975576262,
           -0.03746207290617357,
           0.05702757324563116,
           0.017950716868946223,
           0.10798424997503153,
           -0.022114383660927262,
           -0.018262840057053618,
           -0.11410047710304155,
           -0.042991986144012485,
           -0.0017770693949347143
          ],
          [
           0.04386037793924118,
           0.005809541672159339,
           0.04163900370047951,
           -0.025292664131084244,
           0.08480276186105011,
           -0.01356645296716363,
           0.013405979789988112,
           0.013516814222344312,
           -0.010137094205294864,
           0.04401104584259997,
           -0.004877519030320714,
           0.022655269553953295,
           0.005862602887688727,
           1,
           -0.017862954426534745,
           0.00810419324657886,
           0.05476900879348564,
           -0.011321538192677678,
           -0.0038272372655025816,
           -0.055844894253354434,
           -0.06281439704514913,
           -0.035892976499115714,
           -0.06027880461994826,
           -0.019977463424336265,
           -0.05278768705543536,
           0.0329183195239412,
           -0.005277901332390108,
           -0.000272119210893888,
           0.009209764948791117,
           -0.022766603291765317,
           0.015590054542997151,
           -0.008370309629224562,
           0.03271453050153336,
           0.01018720131672123,
           -0.01755871146954348,
           -0.0402015872160093,
           -0.014600414317079341,
           -0.014611835913037148,
           -0.012582267645942063,
           0.0708196391420594,
           0.006512879497150884,
           0.0006850213006398388,
           -0.002975189113410195,
           -0.0013986449360839117
          ],
          [
           -0.017846664288164588,
           0.007899713280957456,
           0.04316098415302345,
           -0.01080583300668433,
           -0.02273403110752056,
           0.012815791563799986,
           -0.02735504886335733,
           -0.004139941956843468,
           -0.002264727395573567,
           0.020038448776483926,
           0.0031939762046080435,
           -0.017712753474364355,
           0.0007662856921491535,
           -0.017862954426534745,
           1,
           0.7789490540980558,
           -0.023177274847891255,
           -0.037288823557672775,
           -0.012343126321485693,
           -0.01637345294194575,
           0.005107417503092478,
           -0.02176052608468452,
           0.027921664712737573,
           -0.017795361104453546,
           -0.0050030632712485,
           -0.01562901864223492,
           -0.013982644938532334,
           0.03478368382075561,
           -0.012706806430607068,
           0.016136345249978052,
           0.0029753082894039395,
           0.005337509457317835,
           0.04244601677280232,
           -0.046369463670042764,
           -0.03929568318905118,
           -0.005585226445657396,
           0.0205438715439184,
           0.04775147770095288,
           -0.018093723153472886,
           -0.002238294093642319,
           -0.04101692778448153,
           0.015407607479576889,
           0.00144112245953635,
           0.025527696302956798
          ],
          [
           -0.014946244740953421,
           -0.013136220528750844,
           0.029247434097884148,
           -0.022507094555395166,
           -0.029319138618694427,
           -0.01759000053376392,
           -0.020484315698170524,
           -0.03499916937361903,
           0.0109784903378522,
           0.008396476306696125,
           0.014260278880036309,
           -0.019960506762090574,
           -0.004147711755332702,
           0.00810419324657886,
           0.7789490540980558,
           1,
           -0.030812615041839957,
           -0.03040200408591248,
           0.01585662750881691,
           -0.02901071423152439,
           0.00938438186606672,
           0.009177079231296622,
           0.060920514249660135,
           0.02419435343495873,
           0.019476702491405942,
           -0.00873748769738108,
           -0.018018281252683815,
           0.022976633438888835,
           -0.015036985970371517,
           0.004761137001137584,
           0.0027354963445812798,
           0.013913305360921382,
           0.012648872165075695,
           -0.022449371857364304,
           -0.017416818510151803,
           0.005891694957764655,
           0.05772119407141964,
           0.02969808123761887,
           -0.027258053660673312,
           -0.0019774314262495365,
           -0.03559147452902784,
           -0.007200363519087708,
           -0.0045649566268352705,
           0.019557778346917194
          ],
          [
           0.06544482901805308,
           0.012364129317946514,
           0.02430113420192291,
           0.0027407788369656046,
           0.022428687678609564,
           0.019014208440591616,
           0.014127954669092509,
           0.04273676115596374,
           0.03234000319772888,
           -0.025188656124305955,
           0.03669386029390198,
           -0.004522404678864519,
           0.062043726569457336,
           0.05476900879348564,
           -0.023177274847891255,
           -0.030812615041839957,
           1,
           -0.04281107474401379,
           0.030312202889469706,
           0.005745532217587953,
           0.0057561451265442185,
           0.027777276199421934,
           -0.0015591978347402281,
           0.0391560012726689,
           0.005782957234158865,
           0.016856085500925672,
           -0.039880224809673855,
           0.00476795913572409,
           -0.02531380215331536,
           -0.00033074033171235696,
           -0.033766818930459123,
           0.04650288617808222,
           -0.036334255160886834,
           -0.030096723327360717,
           0.05170769692120599,
           -0.0383409256046757,
           0.042973689398649095,
           0.004762942739714566,
           -0.005320354459421936,
           0.019135910945254336,
           -0.030738525892446814,
           -0.019118625808503088,
           -0.0330796447729573,
           0.059755264881823485
          ],
          [
           0.02550159926827739,
           0.034574730854607466,
           0.03320409137136833,
           0.006224733171148081,
           -0.008353019819173193,
           0.02548564892360102,
           0.03807055954519241,
           0.018640003488956232,
           0.02158763959483368,
           0.029568785686061184,
           0.014356818952285976,
           -0.04227856925401852,
           0.019765996998037046,
           -0.011321538192677678,
           -0.037288823557672775,
           -0.03040200408591248,
           -0.04281107474401379,
           1,
           0.007195360216778453,
           0.0132064804612974,
           -0.02020778674325153,
           0.012673590916459723,
           0.04139636352668335,
           0.008191441189336608,
           0.022015936540643377,
           -0.029292022612073948,
           -0.0017606394839719951,
           0.0029465856696374664,
           -0.008466309759306716,
           -0.007716900713616133,
           0.027298362316737705,
           0.033416238316477186,
           -0.04834032810718184,
           -0.05136790392481321,
           0.009675876682158064,
           0.036660154491963824,
           0.00037512614084140997,
           0.030115154304571973,
           0.007268316615849171,
           -0.03486294789953797,
           0.020413202292370442,
           -0.06574780715509308,
           0.24514193238552248,
           -0.6377908317474023
          ],
          [
           0.697829707128779,
           -0.0005342450374375798,
           0.01191826354687436,
           0.1529816529639653,
           -0.04628573891087485,
           -0.037312608290206176,
           0.0036125779019524937,
           -0.004158446855083764,
           0.7843566236316708,
           -0.016227109590216907,
           0.7739070147557539,
           0.04344302138445102,
           0.2546884083990299,
           -0.0038272372655025816,
           -0.012343126321485693,
           0.01585662750881691,
           0.030312202889469706,
           0.007195360216778453,
           1,
           -0.0383002779280151,
           0.0015954171376595214,
           0.6263571743089934,
           0.46724728307182983,
           0.4122936824845014,
           0.46108561672539417,
           0.0011665288077936213,
           0.033149687325888695,
           0.018881673582272017,
           -0.014426917738739914,
           -0.0002721432538751796,
           0.008422180625529862,
           0.04674868754494029,
           -0.020020416344695847,
           -0.054711184998726965,
           -0.08648232054126215,
           -0.2167701140692565,
           0.4405821142224705,
           0.07049343055777452,
           0.33971444442465387,
           -0.23113026826078023,
           -0.0060867506100304326,
           -0.19573709955203453,
           0.05782483971747385,
           -0.08479754188207068
          ],
          [
           -0.022642244813765842,
           -0.03034900713025051,
           -0.01688250303526284,
           -0.0218321828550295,
           0.0061758865345795345,
           -0.018358675631251542,
           -0.014892056739726853,
           -0.018018616503412573,
           -0.009462567199712632,
           -0.03560490431505291,
           -0.014175669100995382,
           0.007812853141246988,
           -0.06563860981504062,
           -0.055844894253354434,
           -0.01637345294194575,
           -0.02901071423152439,
           0.005745532217587953,
           0.0132064804612974,
           -0.0383002779280151,
           1,
           0.06247830943520652,
           -0.00888295875778934,
           -0.010860483092049655,
           0.00039637093482440886,
           -0.01796232779119801,
           0.006306357535835267,
           0.0010317000624612688,
           -0.008741435161056233,
           0.025704256055042417,
           -0.02295043325748542,
           -0.016812780636032913,
           0.030387996268184128,
           -0.0027330402310318854,
           0.02490496869201517,
           -0.04258574844766429,
           0.07384667554580247,
           -0.01625252681424312,
           -0.0017004680878353387,
           0.012672802915353646,
           -0.07497850974234213,
           0.02678689815808241,
           0.029693578600996817,
           -0.04738344613569969,
           0.03056255607555643
          ],
          [
           -0.02923297951126336,
           -0.04305572554411217,
           -0.05080534513794991,
           0.020431210522863192,
           0.035707569101655644,
           0.00921955436783386,
           -0.0056323147805704115,
           -0.012613820878000687,
           0.04844096538247875,
           -0.029675800439859353,
           0.037164146675552484,
           0.016650131161021795,
           -0.012057526259100688,
           -0.06281439704514913,
           0.005107417503092478,
           0.00938438186606672,
           0.0057561451265442185,
           -0.02020778674325153,
           0.0015954171376595214,
           0.06247830943520652,
           1,
           0.03025667515634995,
           0.07073975344053973,
           0.02035857928929124,
           0.01730958563138282,
           0.029072155318122923,
           -0.03033295614012809,
           -0.06351467439419832,
           0.0390575048602327,
           -0.03902558223341914,
           0.007046483778271634,
           0.020384969890261204,
           0.005502807414298424,
           0.018643879970233958,
           0.057869803007060745,
           -0.026464029918937197,
           -0.014543457053745976,
           -0.009937705621722708,
           0.056792211455350315,
           -0.06214356455769026,
           0.044864815815646886,
           0.01514515734320735,
           0.010800370892312203,
           0.023924972924920986
          ],
          [
           0.3321662357784719,
           -0.03568221480509348,
           0.004261525825938105,
           0.06785607527841406,
           -0.018578056243140306,
