{
 "cells": [
  {
   "cell_type": "code",
   "execution_count": 51,
   "id": "2a13b87d",
   "metadata": {},
   "outputs": [],
   "source": [
    "import numpy as np\n",
    "import pandas as pd\n",
    "import patsy\n",
    "\n",
    "# feature scaling\n",
    "from sklearn.preprocessing import MinMaxScaler\n",
    "\n",
    "# GLM \n",
    "import statsmodels.api as sm\n",
    "import statsmodels.formula.api as smf\n",
    "\n",
    "# Import Machine learning algorithms\n",
    "from sklearn.linear_model import LogisticRegression\n",
    "from sklearn.svm import SVC\n",
    "from sklearn.tree import DecisionTreeClassifier # Import Decision Tree Classifier\n",
    "from sklearn.ensemble import RandomForestClassifier # Import RandomForestClassifier\n",
    "from sklearn.model_selection import train_test_split # Import train_test_split function\n",
    "from sklearn.preprocessing import StandardScaler # Import Feature Importance StandardScaler\n",
    "# Import metric for performance evaluation\n",
    "from sklearn import metrics \n",
    "from sklearn.metrics import classification_report, confusion_matrix\n",
    "\n",
    "# Feature selection to improve model building\n",
    "from sklearn.feature_selection import RFECV\n",
    "from sklearn.model_selection import StratifiedKFold\n",
    "\n",
    "# undersampling for class imbalance\n",
    "from imblearn.under_sampling import RandomUnderSampler\n",
    "\n",
    "# Import feature and tree visualization\n",
    "import seaborn as sns\n",
    "import matplotlib.pyplot as plt\n",
    "from sklearn import tree\n",
    "from matplotlib import style\n",
    "import plotly.express as px \n"
   ]
  },
  {
   "cell_type": "code",
   "execution_count": 46,
   "id": "addcf1ef",
   "metadata": {
    "scrolled": true
   },
   "outputs": [
    {
     "name": "stdout",
     "output_type": "stream",
     "text": [
      "Index(['Age', 'Attrition', 'BusinessTravel', 'DailyRate', 'Department',\n",
      "       'DistanceFromHome', 'Education', 'EducationField', 'EmployeeCount',\n",
      "       'EmployeeNumber', 'EnvironmentSatisfaction', 'Gender', 'HourlyRate',\n",
      "       'JobInvolvement', 'JobLevel', 'JobRole', 'JobSatisfaction',\n",
      "       'MaritalStatus', 'MonthlyIncome', 'MonthlyRate', 'NumCompaniesWorked',\n",
      "       'Over18', 'OverTime', 'PercentSalaryHike', 'PerformanceRating',\n",
      "       'RelationshipSatisfaction', 'StandardHours', 'StockOptionLevel',\n",
      "       'TotalWorkingYears', 'TrainingTimesLastYear', 'WorkLifeBalance',\n",
      "       'YearsAtCompany', 'YearsInCurrentRole', 'YearsSinceLastPromotion',\n",
      "       'YearsWithCurrManager'],\n",
      "      dtype='object')\n"
     ]
    }
   ],
   "source": [
    "# create dataframe with project's data set\n",
    "df = pd.read_csv('HR.csv')\n",
    "print(df.columns)"
   ]
  },
  {
   "cell_type": "markdown",
   "id": "7f71add8",
   "metadata": {},
   "source": [
    "## Data Preprocesssing"
   ]
  },
  {
   "cell_type": "code",
   "execution_count": 47,
   "id": "59c8664b",
   "metadata": {
    "scrolled": false
   },
   "outputs": [],
   "source": [
    "# deleting clearly unuseful variables (employee count, employee number, over 18, Standard Hours)\n",
    "df = df.drop(['EmployeeCount', 'EmployeeNumber', 'Over18', 'StandardHours'], axis=1)\n",
    "\n",
    "# drop rows that contain at least one empty cell\n",
    "df.dropna(axis='rows', thresh=1)\n",
    "\n",
    "# feature engineering\n",
    "def binary_map(feature):\n",
    "    return feature.map({'Yes':1, 'No':0})\n",
    "\n",
    "# encoding Gender categorical data\n",
    "df['Gender'] = df['Gender'].map({'Male':1, 'Female':0})\n",
    "\n",
    "# encoding Attrition and Overtime\n",
    "binary_list = ['Attrition', 'OverTime']\n",
    "df[binary_list] = df[binary_list].apply(binary_map)\n",
    "\n",
    "# one-hot encoding of features with more than two categories\n",
    "df = pd.get_dummies(df, drop_first=True)\n",
    "\n",
    "\n",
    "# feature scaling for logistic regression - MinMax Scaler\n",
    "# use df_regr for logistic regression model as decision trees don't need feature scaling\n",
    "df_MinMax = df\n",
    "sc = MinMaxScaler()\n",
    "to_scale = [col for col in df_MinMax.columns if df_MinMax[col].nunique() > 2]\n",
    "for col in to_scale:\n",
    "    df_MinMax[col] = sc.fit_transform(df_MinMax[[col]])\n",
    "    \n",
    "# feature scaling via Standard Scaler\n",
    "df_stc = df\n",
    "sc_ = StandardScaler()\n",
    "to_scale_ = [col for col in df_stc.columns if df_stc[col].nunique() > 2]\n",
    "for col in to_scale_:\n",
    "    df_stc[col] = sc_.fit_transform(df_stc[[col]])\n"
   ]
  },
  {
   "cell_type": "markdown",
   "id": "d1560c6a",
   "metadata": {},
   "source": [
    "### Split Dataset into Test and Training"
   ]
  },
  {
   "cell_type": "code",
   "execution_count": 68,
   "id": "5b49bfa8",
   "metadata": {},
   "outputs": [],
   "source": [
    "# Split dataset into training set and test set\n",
    "# --->> use train set only for GLM and correlation already\n",
    "X = df.drop('Attrition', axis=1)\n",
    "y = df['Attrition']\n",
    "X_train, X_test, y_train, y_test = train_test_split(X, \n",
    "                                   y, test_size=0.3, random_state=50)\n",
    "\n",
    "# dealing with class imbalance\n",
    "# needs to be adjusted!!\n",
    "# split them by hand maybe\n",
    "rus = RandomUnderSampler(random_state=0)\n",
    "rus.fit(X_train, y_train)\n",
    "X_train, y_train = rus.fit_resample(X_train, y_train)"
   ]
  },
  {
   "cell_type": "markdown",
   "id": "037ee1eb",
   "metadata": {},
   "source": [
    "### Feature Correlation Check"
   ]
  },
  {
   "cell_type": "code",
   "execution_count": 69,
   "id": "2104f609",
   "metadata": {},
   "outputs": [
    {
     "data": {
      "application/vnd.plotly.v1+json": {
       "config": {
        "plotlyServerURL": "https://plot.ly"
       },
       "data": [
        {
         "coloraxis": "coloraxis",
         "hovertemplate": "x: %{x}<br>y: %{y}<br>color: %{z}<extra></extra>",
         "name": "0",
         "type": "heatmap",
         "x": [
          "Age",
          "DailyRate",
          "DistanceFromHome",
          "Education",
          "EnvironmentSatisfaction",
          "Gender",
          "HourlyRate",
          "JobInvolvement",
          "JobLevel",
          "JobSatisfaction",
          "MonthlyIncome",
          "MonthlyRate",
          "NumCompaniesWorked",
          "OverTime",
          "PercentSalaryHike",
          "PerformanceRating",
          "RelationshipSatisfaction",
          "StockOptionLevel",
          "TotalWorkingYears",
          "TrainingTimesLastYear",
          "WorkLifeBalance",
          "YearsAtCompany",
          "YearsInCurrentRole",
          "YearsSinceLastPromotion",
          "YearsWithCurrManager",
          "BusinessTravel_Travel_Frequently",
          "BusinessTravel_Travel_Rarely",
          "Department_Research & Development",
          "Department_Sales",
          "EducationField_Life Sciences",
          "EducationField_Marketing",
          "EducationField_Medical",
          "EducationField_Other",
          "EducationField_Technical Degree",
          "JobRole_Human Resources",
          "JobRole_Laboratory Technician",
          "JobRole_Manager",
          "JobRole_Manufacturing Director",
          "JobRole_Research Director",
          "JobRole_Research Scientist",
          "JobRole_Sales Executive",
          "JobRole_Sales Representative",
          "MaritalStatus_Married",
          "MaritalStatus_Single"
         ],
         "xaxis": "x",
         "y": [
          "Age",
          "DailyRate",
          "DistanceFromHome",
          "Education",
          "EnvironmentSatisfaction",
          "Gender",
          "HourlyRate",
          "JobInvolvement",
          "JobLevel",
          "JobSatisfaction",
          "MonthlyIncome",
          "MonthlyRate",
          "NumCompaniesWorked",
          "OverTime",
          "PercentSalaryHike",
          "PerformanceRating",
          "RelationshipSatisfaction",
          "StockOptionLevel",
          "TotalWorkingYears",
          "TrainingTimesLastYear",
          "WorkLifeBalance",
          "YearsAtCompany",
          "YearsInCurrentRole",
          "YearsSinceLastPromotion",
          "YearsWithCurrManager",
          "BusinessTravel_Travel_Frequently",
          "BusinessTravel_Travel_Rarely",
          "Department_Research & Development",
          "Department_Sales",
          "EducationField_Life Sciences",
          "EducationField_Marketing",
          "EducationField_Medical",
          "EducationField_Other",
          "EducationField_Technical Degree",
          "JobRole_Human Resources",
          "JobRole_Laboratory Technician",
          "JobRole_Manager",
          "JobRole_Manufacturing Director",
          "JobRole_Research Director",
          "JobRole_Research Scientist",
          "JobRole_Sales Executive",
          "JobRole_Sales Representative",
          "MaritalStatus_Married",
          "MaritalStatus_Single"
         ],
         "yaxis": "y",
         "z": [
          [
           1,
           0.002180498955157002,
           -0.0037015208683086093,
           0.22594129708250707,
           -0.0294014391760952,
           0.02500477548521182,
           0.00034039951037439717,
           0.05191447334173909,
           0.5454938930717773,
           -0.00779962214143467,
           0.5263314544919687,
           0.0022942081096799676,
           0.2855027938897061,
           -0.0029961984529674017,
           -0.040906898636599576,
           -0.04888134596059711,
           0.05293542258657594,
           0.11032091419739545,
           0.712213460659383,
           -0.08048150529670055,
           -0.021860406851449073,
           0.4386249371456317,
           0.37628528751148005,
           0.28854054276924956,
           0.35460660326983445,
           -0.06987305690671097,
           0.05501580384831364,
           -0.018206894259736508,
           0.04237856901766249,
           0.017237045966184958,
           0.0713077012646589,
           0.018375391820086486,
           0.018351312386785845,
           -0.0909787912687027,
           -0.06447461379696315,
           -0.1867518089263831,
           0.2987593656568735,
           0.1348986141640584,
           0.1438962025153042,
           -0.15033004504676628,
           0.11149933440016997,
           -0.19751987519895556,
           0.13302040273976382,
           -0.19465129196613348
          ],
          [
           0.002180498955157002,
           1,
           -0.027582055577362177,
           -0.034997507411608314,
           -0.004368144579961151,
           0.07428396352248601,
           -0.010108939498464382,
           0.04739620684273157,
           -0.01212017302308443,
           0.020744449700017802,
           0.008975993257933534,
           -0.08137946723698995,
           0.022457079646206506,
           0.008162798437793157,
           0.08838633755689328,
           0.09519703002580608,
           -0.048995801079728354,
           -0.04717407083131745,
           0.017140469560018204,
           -0.03460684187836856,
           0.024117216448739667,
           -0.018356265113748195,
           0.0028321634998215253,
           0.016989816850648633,
           0.019080589683153907,
           -0.05571509994679983,
           0.0532495048820172,
           -0.03874544832223039,
           0.0064020735481555725,
           -0.02138782326442,
           -0.033870624880164554,
           0.04947649552230166,
           0.030850612487382495,
           0.003861992852892846,
           0.05060154014997844,
           0.041030555099838724,
           0.01826305570556238,
           -0.034487917155108815,
           0.02164847351522482,
           -0.00957847921123294,
           -0.021106637527665173,
           0.012123653916445048,
           0.07420405704234369,
           -0.07645574678170605
          ],
          [
           -0.0037015208683086093,
           -0.027582055577362177,
           1,
           0.07039970794415229,
           -0.12627303727315478,
           -0.07372009523165798,
           0.03613857645660257,
           0.059724462691530575,
           0.0582233839308926,
           0.01865161640652367,
           0.04595182425854681,
           0.006276817343912069,
           -0.07041748668813586,
           0.07893030277068644,
           0.06244120027626773,
           0.02567169228480325,
           0.03511880052713,
           -0.009458790143856647,
           -0.034881131794197565,
           0.0009490517796903464,
           -0.03296489495672686,
           -0.1064521779671736,
           -0.10276136344621611,
           -0.028378005193815257,
           -0.05366468492042106,
           0.008630476420637433,
           -0.009182187293800857,
           -0.052781213305921566,
           0.06814756011262574,
           -0.04211372171944742,
           0.09924573422179822,
           0.05651350831811212,
           -0.11363182086363849,
           -0.07030615477461866,
           -0.015208292322929728,
           -0.03269858430752959,
           0.022006916856872595,
           -0.03864379341300054,
           0.007083899900464734,
           -0.010466061766782737,
           0.1156826991366333,
           -0.059685748168040474,
           0.08784033925482246,
           -0.013082182888022353
          ],
          [
           0.22594129708250707,
           -0.034997507411608314,
           0.07039970794415229,
           1,
           -0.09027417100326134,
           0.030783304040734268,
           0.10621246475128678,
           0.0942880699830099,
           0.08812240416710647,
           -0.05468274588007551,
           0.07992965067994917,
           -0.049913798951485164,
           0.053859021424125963,
           -0.04049275100476433,
           -0.0321551260437103,
           -0.07501513758141468,
           0.011692766285314345,
           0.03006081627541036,
           0.19008681138914,
           -0.09145765708369312,
           -0.044910759299748235,
           0.10952854499868456,
           0.06142249492834524,
           0.09538304381158245,
           0.08220137023677102,
           -0.041452817490466205,
           0.05303019348060034,
           -0.025073136889932977,
           0.02793824583022493,
           0.03020225558158123,
           0.07197644258474425,
           -0.11533995420525399,
           -0.0017987730776559178,
           0.017418956424618496,
           -0.005626744382073984,
           -0.09046490537113526,
           0.06606402939754281,
           0.004293050748623919,
           -0.03166953357058808,
           0.06369130791547925,
           0.1171966795829865,
           -0.16632562980373106,
           0.034012199341269436,
           -0.06351368233392733
          ],
          [
           -0.0294014391760952,
           -0.004368144579961151,
           -0.12627303727315478,
           -0.09027417100326134,
           1,
           0.008872179895463982,
           -0.01933716446882623,
           0.057186370196470555,
           -0.05898641905049301,
           -0.014646837005865486,
           -0.05346901914938631,
           0.008260353797728163,
           -0.07075205341076424,
           0.05430965115692982,
           -0.018813140299541016,
           -0.0965368936580419,
           0.047930250224985246,
           0.01909222677210099,
           -0.0646593576473795,
           0.09919973703539167,
           -0.05470396641782075,
           0.020118491861600297,
           0.04027748157189654,
           0.054419267622378815,
           0.02654256478869645,
           0.00957606675844141,
           0.00043557584848531337,
           0.04057930668273381,
           -0.03649019901230572,
           -0.0027976477327760385,
           -0.09166563792285581,
           0.016576530462439766,
           0.09315579504231554,
           0.00916150218886631,
           0.008004285255278154,
           -0.11081317370012189,
           -0.04480242210875355,
           0.11628186389249816,
           0.02712279922333814,
           0.08196004401153369,
           -0.05374341465902609,
           0.034502366475386424,
           0.009509572938241824,
           -0.02706889301712262
          ],
          [
           0.02500477548521182,
           0.07428396352248601,
           -0.07372009523165798,
           0.030783304040734268,
           0.008872179895463982,
           1,
           -0.025393159058269252,
           -0.021916780058829334,
           -0.049894845460527366,
           -0.02597552316763134,
           -0.05874210174567155,
           -0.022004966928460965,
           -0.036332081666989945,
           0.00030367826263339804,
           -0.02848021389884134,
           -0.0634537322966519,
           0.017818656966403074,
           0.026487067279667424,
           -0.040040867588503046,
           0.036587477709648354,
           -0.058513331102181605,
           -0.058184802632091845,
           -0.0706378383879577,
           -0.07175976814628153,
           -0.07963140837692853,
           -0.014144964899666978,
           0.01383301857983936,
           0.029290754233429504,
           -0.043685933152787716,
           -0.08466485474057384,
           0.03342030022855007,
           0.055872871747972806,
           -0.0010043937893566058,
           0.014803622920028826,
           0.015158026567536644,
           0.09470421907338122,
           -0.08436907830595718,
           -0.053561129344461895,
           -0.0027675465173126624,
           0.0040011309257226195,
           0.022204002339859308,
           -0.03654994661897263,
           -0.020472384821345318,
           -0.020475834048952295
          ],
          [
           0.00034039951037439717,
           -0.010108939498464382,
           0.03613857645660257,
           0.10621246475128678,
           -0.01933716446882623,
           -0.025393159058269252,
           1,
           0.11678738403924989,
           -0.00898714939925524,
           -0.1066005318785896,
           0.009058293300812249,
           -0.036108803706454175,
           0.04834569461996979,
           0.04794238880893709,
           -0.01752664829268537,
           -0.005395208707207728,
           0.06564306785896336,
           -0.06925910750822657,
           0.024840285425058537,
           0.022073348337719054,
           -0.02096736958262647,
           0.006906849322795072,
           -0.06571936477223564,
           -0.012874206092958808,
           -0.012198508236185563,
           -0.030885853832963814,
           0.011815617335445998,
           -0.014254147799866859,
           -0.004755566411478933,
           0.005127330647476767,
           -0.09765888697444616,
           0.07225580480388169,
           0.00666393333371746,
           0.013428552312789754,
           0.017034019667339795,
           0.013631871076019217,
           0.11163548397943844,
           0.013491977321087527,
           -0.09908523974120731,
           0.05054318088045671,
           0.0018009305490607787,
           -0.04175711270612632,
           -0.012264241468767832,
           0.06742080821279336
          ],
          [
           0.05191447334173909,
           0.04739620684273157,
           0.059724462691530575,
           0.0942880699830099,
           0.057186370196470555,
           -0.021916780058829334,
           0.11678738403924989,
           1,
           0.0294647786893836,
           -0.0653177772823808,
           0.007581596916384946,
           -0.04109269733008576,
           0.07435261650483536,
           0.004999640852100512,
           0.024955522396929174,
           -0.04180822470069084,
           0.061483314129099916,
           0.040604552951025476,
           0.03803224322775752,
           -0.0968097486798371,
           -0.008175451777759418,
           -0.006039902534915982,
           0.013222080797243543,
           -0.013934130699981001,
           0.05353992405948747,
           -0.0507257273501788,
           0.08411173603624508,
           -0.04070690262055532,
           0.012141683022825119,
           -0.06023099952388438,
           -0.011187916933283864,
           0.11502383543832427,
           -0.03918419564890877,
           -0.03546496544210899,
           0.05267852332501766,
           -0.10368191237065827,
           0.03329019407497823,
           -0.04566873837299466,
           -0.018818433507063123,
           0.04618822399503193,
           0.06514896155546619,
           -0.07938222413254577,
           0.09762910550634252,
           -0.05594358360475424
          ],
          [
           0.5454938930717773,
           -0.01212017302308443,
           0.0582233839308926,
           0.08812240416710647,
           -0.05898641905049301,
           -0.049894845460527366,
           -0.00898714939925524,
           0.0294647786893836,
           1,
           0.026534111615988325,
           0.9492888768611982,
           0.13257476667885912,
           0.10762751226681166,
           -0.09612623747600416,
           -0.013878138449762224,
           0.030883954054454536,
           0.0018639881216372576,
           0.12213639086714899,
           0.7855022494562035,
           -0.0506744913478238,
           0.05562525122099176,
           0.6078232747913567,
           0.4908465097908927,
           0.41991694993249723,
           0.44409099015207526,
           -0.036693817882638244,
           0.007619579250177971,
           -0.10426925616738615,
           0.1678278877100403,
           0.0020121499348195555,
           0.1056700091212348,
           0.056141568391776385,
           -0.006457167694530168,
           -0.121101827546888,
           -0.14945713646673822,
           -0.32588266898239115,
           0.5075484852759055,
           0.17763804867870656,
           0.40043904501815014,
           -0.35394700068860346,
           0.24332555865612882,
           -0.23497669643696892,
           0.10759793553036766,
           -0.13306797446330756
          ],
          [
           -0.00779962214143467,
           0.020744449700017802,
           0.01865161640652367,
           -0.05468274588007551,
           -0.014646837005865486,
           -0.02597552316763134,
           -0.1066005318785896,
           -0.0653177772823808,
           0.026534111615988325,
           1,
           0.0037655549235028067,
           0.0780291121160182,
           -0.07663841858183208,
           0.0682725491799728,
           -0.042014504383383666,
           -0.034881082417085936,
           0.04822361511369255,
           0.025755583720042174,
           -0.04326793613188408,
           -0.060753388684369025,
           0.015890371091659954,
           0.05846708436907018,
           0.08747460267178775,
           0.040659937480022265,
           0.006445010231473401,
           0.03005272175673403,
           -0.026620031179454093,
           -0.015076780748304876,
           0.07006020310997735,
           0.03533375245632442,
           0.00980684184331429,
           -0.020158445539352768,
           0.021227270695628214,
           0.0014798047794259363,
           -0.09807299284149755,
           0.007564315368396758,
           -0.0036314731172415135,
           0.02303587498888738,
           -0.04792415971876822,
           -0.059241889518778054,
           0.08249642537733712,
           -0.011109999584590087,
           -0.009758634489989218,
           -0.025339981245642646
          ],
          [
           0.5263314544919687,
           0.008975993257933534,
           0.04595182425854681,
           0.07992965067994917,
           -0.05346901914938631,
           -0.05874210174567155,
           0.009058293300812249,
           0.007581596916384946,
           0.9492888768611982,
           0.0037655549235028067,
           1,
           0.12334937822477471,
           0.12046365210505212,
           -0.0714190594720963,
           -0.027205634467819862,
           0.019361100532836857,
           0.023248911824867213,
           0.08792985388103955,
           0.7767919707879611,
           -0.07977444440502615,
           0.06508824717712496,
           0.612511253027843,
           0.5097545724227617,
           0.43346860571731266,
           0.43114397486711503,
           -0.05331627475810367,
           0.021468822466104445,
           -0.0439263385701854,
           0.09938825807422526,
           -0.010810781321722402,
           0.08498340148838766,
           0.0804213582313743,
           -0.020952453969779298,
           -0.10793665436566748,
           -0.13749619318934653,
           -0.3061512227094402,
           0.5838070517540589,
           0.13673415954018353,
           0.46399203021064833,
           -0.2998438606453341,
           0.15309854372890125,
           -0.24636563914386234,
           0.11996446827474659,
           -0.12993258310676736
          ],
          [
           0.0022942081096799676,
           -0.08137946723698995,
           0.006276817343912069,
           -0.049913798951485164,
           0.008260353797728163,
           -0.022004966928460965,
           -0.036108803706454175,
           -0.04109269733008576,
           0.13257476667885912,
           0.0780291121160182,
           0.12334937822477471,
           1,
           0.014009179740340204,
           -0.061429120034252986,
           -0.022303452999321693,
           -0.03885930787614772,
           0.002093777150749249,
           -0.10591685264328966,
           0.034735040545439674,
           0.015252121391119882,
           0.04902425644805906,
           -0.0016176435059502116,
           -0.03352660515235628,
           0.04006220525862333,
           -0.0713854719352919,
           -0.047598467697384315,
           0.015376269490836848,
           -0.015570306038615957,
           0.03959835792413168,
           0.023689540005954784,
           0.07096993874355825,
           0.017983587825847868,
           -0.0921123514155876,
           -0.0794206469564702,
           -0.033773382706026804,
           -0.06588450290412691,
           0.06549561590051749,
           -0.032892594718310804,
           0.09711389971002458,
           -0.02112239067858689,
           0.023770899608078593,
           0.022634433029477447,
           -0.09148117151875002,
           0.0734041790333633
          ],
          [
           0.2855027938897061,
           0.022457079646206506,
           -0.07041748668813586,
           0.053859021424125963,
           -0.07075205341076424,
           -0.036332081666989945,
           0.04834569461996979,
           0.07435261650483536,
           0.10762751226681166,
           -0.07663841858183208,
           0.12046365210505212,
           0.014009179740340204,
           1,
           0.04779168391019453,
           -0.04579648725792044,
           -0.046007150621326605,
           0.03486811689858263,
           0.05105801256110568,
           0.2444644381431959,
           -0.10178255778329981,
           0.01370746838017858,
           -0.0375177370522572,
           -0.09201280168911516,
           0.027846547875190607,
           -0.055790756682705736,
           -0.0341109198873463,
           0.03537568879158266,
           0.028268704687705877,
           -0.056039960459080856,
           0.0027708964112711787,
           -0.029922495294812064,
           0.018752465277285326,
           -0.017342376011684507,
           -0.008373106058635033,
           0.06027013996137925,
           0.011965902938267556,
           -0.006620460116192416,
           0.0010068163498128332,
           0.04401029166610083,
           -0.0022630874736908418,
           0.0708527618769904,
           -0.1900867634010362,
           -0.019690199538562554,
           -0.04647424274538411
          ],
          [
           -0.0029961984529674017,
           0.008162798437793157,
           0.07893030277068644,
           -0.04049275100476433,
           0.05430965115692982,
           0.00030367826263339804,
           0.04794238880893709,
           0.004999640852100512,
           -0.09612623747600416,
           0.0682725491799728,
           -0.0714190594720963,
           -0.061429120034252986,
           0.04779168391019453,
           1,
           -0.05569005235514824,
           -0.02135380990638827,
           0.16190794358157404,
           0.027429925515720318,
           -0.07663108090040838,
           -0.053911070567467384,
           -0.05286344952181244,
           -0.0854338280877919,
           -0.0998567438369991,
           0.0033425204759216223,
           -0.11093844688691978,
           0.0035781667986660246,
           -0.023599630872108788,
           -0.011267032535890476,
           0.05680515605758061,
           0.016139359633178047,
           0.024795006307854535,
           -0.07694620460640585,
           0.07020951968442071,
           0.0247950063078545,
           -0.07722551935116374,
           0.0266561103346112,
           0.013974150480011382,
           -0.021817423901775504,
           -0.08601101011398694,
           0.039795585327875936,
           0.052000817938661244,
           0.05456336283350148,
           -0.044605517686807934,
           0.03784235905174445
          ],
          [
           -0.040906898636599576,
           0.08838633755689328,
           0.06244120027626773,
           -0.0321551260437103,
           -0.018813140299541016,
           -0.02848021389884134,
           -0.01752664829268537,
           0.024955522396929174,
           -0.013878138449762224,
           -0.042014504383383666,
           -0.027205634467819862,
           -0.022303452999321693,
           -0.04579648725792044,
           -0.05569005235514824,
           1,
           0.8172787343125019,
           -0.02484749688288565,
           -0.06891798908425961,
           -0.025665390550520573,
           0.01579309981348749,
           0.08768817929642228,
           -0.005634570169369461,
           0.09012366742235026,
           -0.06214685495146819,
           0.04564007665442557,
           0.014153520457818545,
           -0.06371398437282341,
           0.06243279316519201,
           -0.05573858038425092,
           0.10976976651238456,
           -0.045559895513237844,
           -0.05045921414462122,
           0.011530498731470669,
           -0.031138266423396704,
           -0.003728194352980133,
           0.04540949958555684,
           0.011530498731470697,
           0.0210473167939325,
           -0.030014776632894046,
           0.03023796366057623,
           -0.08732075145592827,
           -0.0033398377157177724,
           -0.018656717853516327,
           0.04934632386142889
          ],
          [
           -0.04888134596059711,
           0.09519703002580608,
           0.02567169228480325,
           -0.07501513758141468,
           -0.0965368936580419,
           -0.0634537322966519,
           -0.005395208707207728,
           -0.04180822470069084,
           0.030883954054454536,
           -0.034881082417085936,
           0.019361100532836857,
           -0.03885930787614772,
           -0.046007150621326605,
           -0.02135380990638827,
           0.8172787343125019,
           1,
           -0.030809566275353594,
           -0.047702951082878566,
           0.01849911130668052,
           -9.504936078433259e-05,
           0.09818529343503102,
           0.01421040513606133,
           0.11377632324752997,
           -0.012158085531903782,
           0.0655070580183895,
           0.03143314599768717,
           -0.0953857099560337,
           0.06475482134833528,
           -0.06669851486041833,
           0.0814968386071818,
           -0.0598836150610819,
           -0.0015128922919925435,
           -0.004357672182636987,
           -0.03624347213566073,
           0.004523331876981802,
           0.035992982880648595,
           0.030928844027983578,
           -0.02249690403706806,
           0.033135135564537545,
           0.006177770850081702,
           -0.07981134370345949,
           -0.013891055919334995,
           -0.04288488357110891,
           0.038661888115339244
          ],
          [
           0.05293542258657594,
           -0.048995801079728354,
           0.03511880052713,
           0.011692766285314345,
           0.047930250224985246,
           0.017818656966403074,
           0.06564306785896336,
           0.061483314129099916,
           0.0018639881216372576,
           0.04822361511369255,
           0.023248911824867213,
           0.002093777150749249,
           0.03486811689858263,
           0.16190794358157404,
           -0.02484749688288565,
           -0.030809566275353594,
           1,
           -0.07209473149629395,
           -0.00100051682667631,
           0.013956426257395809,
           -0.05777437960756519,
           -0.005294216387379464,
           -0.00553010544940471,
           0.015498472350732767,
           -0.018767725938583214,
           -0.011218856345205103,
           0.0069254943378583645,
           -0.027833322438281287,
           -0.027473337411383806,
           -0.019836834631904967,
           -0.034334292332397154,
           0.02556473450512955,
           -0.042751893327282534,
           0.024727806394835263,
           0.10445704903400006,
           -0.06664970644149724,
           0.08318979775220123,
           -0.019606692451442535,
           -0.049634691004987935,
           0.0055432062086313285,
           -0.08772915321339776,
           0.0547699902298418,
           -0.04273521495268814,
           0.033293906827172676
          ],
          [
           0.11032091419739545,
           -0.04717407083131745,
           -0.009458790143856647,
           0.03006081627541036,
           0.01909222677210099,
           0.026487067279667424,
           -0.06925910750822657,
           0.040604552951025476,
           0.12213639086714899,
           0.025755583720042174,
           0.08792985388103955,
           -0.10591685264328966,
           0.05105801256110568,
           0.027429925515720318,
           -0.06891798908425961,
           -0.047702951082878566,
           -0.07209473149629395,
           1,
           0.07771109861733749,
           0.07425256386132315,
           0.015518528114960949,
           0.03847494834856203,
           0.04532565989847359,
           0.03164893791182386,
           0.0499932576942173,
           -0.018180037549088354,
           -0.003123976870248382,
           0.007826828942498327,
           -0.008370589515249436,
           -0.045642614729309146,
           0.09823997582598337,
           0.0661557420137767,
           -0.05302304959662359,
           -0.1144478101161521,
           -0.00350677636473953,
           -0.002530732715748821,
           -0.02127615605996169,
           0.05373856606392694,
           0.08040022625778111,
           -0.10422685514479825,
           0.07415799332077905,
           -0.09490848324564437,
           0.2789589507121439,
           -0.6468585889196672
          ],
          [
           0.712213460659383,
           0.017140469560018204,
           -0.034881131794197565,
           0.19008681138914,
           -0.0646593576473795,
           -0.040040867588503046,
           0.024840285425058537,
           0.03803224322775752,
           0.7855022494562035,
           -0.04326793613188408,
           0.7767919707879611,
           0.034735040545439674,
           0.2444644381431959,
           -0.07663108090040838,
           -0.025665390550520573,
           0.01849911130668052,
           -0.00100051682667631,
           0.07771109861733749,
           1,
           -0.10884816035460096,
           0.025442557012575445,
           0.7032971163506608,
           0.5354614870832864,
           0.4561579223636698,
           0.5274512955084649,
           -0.05561043597488374,
           0.06574633472461049,
           -0.013097175848413157,
           0.03963915026347471,
           -0.00347045523924569,
           0.05616605858418084,
           0.05918792961693173,
           0.023501366810090123,
           -0.09021557599378555,
           -0.08502611488455211,
           -0.238241004333,
           0.4587330930735573,
           0.1661424839893215,
           0.26659762829731504,
           -0.17785395079194952,
           0.09209726154998112,
           -0.24072639633836398,
           0.10544542037246736,
           -0.16668776685168857
          ],
          [
           -0.08048150529670055,
           -0.03460684187836856,
           0.0009490517796903464,
           -0.09145765708369312,
           0.09919973703539167,
           0.036587477709648354,
           0.022073348337719054,
           -0.0968097486798371,
           -0.0506744913478238,
           -0.060753388684369025,
           -0.07977444440502615,
           0.015252121391119882,
           -0.10178255778329981,
           -0.053911070567467384,
           0.01579309981348749,
           -9.504936078433259e-05,
           0.013956426257395809,
           0.07425256386132315,
           -0.10884816035460096,
           1,
           0.05420463159420927,
           -0.0848333852564581,
           -0.11792248575712919,
           -0.06990158868487624,
           -0.11418816039654457,
           0.09454595097614207,
           -0.049038606048337235,
           -0.01664398672103251,
           0.0653887851144341,
           0.010346787124566235,
           0.0055269723198280545,
           -0.06874058073050009,
           0.005043429668059773,
           0.10210354127682324,
           -0.08531826268262395,
           -0.006406326916863505,
           -0.07257862694499252,
           0.04378830625751869,
           -0.03739137917243569,
           -0.005533834656681237,
           0.052591268076268266,
           0.0670201148364965,
           0.013297775029753253,
           -0.029192536956383932
          ],
          [
           -0.021860406851449073,
           0.024117216448739667,
           -0.03296489495672686,
           -0.044910759299748235,
           -0.05470396641782075,
           -0.058513331102181605,
           -0.02096736958262647,
           -0.008175451777759418,
           0.05562525122099176,
           0.015890371091659954,
           0.06508824717712496,
           0.04902425644805906,
           0.01370746838017858,
           -0.05286344952181244,
           0.08768817929642228,
           0.09818529343503102,
           -0.05777437960756519,
           0.015518528114960949,
           0.025442557012575445,
           0.05420463159420927,
           1,
           -0.026028239017814956,
           0.0017063568842549902,
           -0.002900370971665693,
           -0.07028624494325665,
           0.007119947908753011,
           -0.03584018737126207,
           -0.08200214481255204,
           0.03720296230207516,
           -0.07158562769931527,
           0.003123603195222675,
           0.05721288727382998,
           -0.05128699206457455,
           0.028112428757004062,
           0.08865918487509762,
           -0.14595111186288398,
           0.02331226912026121,
           -0.007650272233213862,
           0.110118088681585,
           -0.027860220338158333,
           5.865734237811929e-17,
           0.06452123736312938,
           0.06659316057170991,
           -0.010639925493929758
          ],
          [
           0.4386249371456317,
           -0.018356265113748195,
           -0.1064521779671736,
           0.10952854499868456,
           0.020118491861600297,
           -0.058184802632091845,
           0.006906849322795072,
           -0.006039902534915982,
           0.6078232747913567,
           0.05846708436907018,
           0.612511253027843,
           -0.0016176435059502116,
