{
 "cells": [
  {
   "cell_type": "code",
   "execution_count": 3,
   "id": "2a13b87d",
   "metadata": {},
   "outputs": [],
   "source": [
    "import numpy as np\n",
    "import pandas as pd\n",
    "from sklearn.tree import DecisionTreeClassifier # Import Decision Tree Classifier\n",
    "from sklearn.ensemble import RandomForestClassifier # Import RandomForestClassifier\n",
    "from sklearn.model_selection import train_test_split # Import train_test_split function\n",
    "from sklearn import metrics #Import scikit-learn metrics module for accuracy calculation\n",
    "from sklearn.metrics import classification_report, confusion_matrix\n",
    "\n",
    "from imblearn.over_sampling import RandomOverSampler\n",
    "from imblearn.under_sampling import RandomUnderSampler\n",
    "\n",
    "# Import feature and tree visualization\n",
    "import seaborn as sns\n",
    "import matplotlib.pyplot as plt\n",
    "from sklearn import tree\n",
    "from matplotlib import style\n",
    "\n",
    "import plotly.express as px #for visualization\n"
   ]
  },
  {
   "cell_type": "code",
   "execution_count": 46,
   "id": "addcf1ef",
   "metadata": {},
   "outputs": [],
   "source": [
    "# create dataframe with project's data set\n",
    "df = pd.read_csv('HR.csv')"
   ]
  },
  {
   "cell_type": "markdown",
   "id": "7f71add8",
   "metadata": {},
   "source": [
    "### Data Preprocesssing"
   ]
  },
  {
   "cell_type": "code",
   "execution_count": 47,
   "id": "59c8664b",
   "metadata": {},
   "outputs": [
    {
     "data": {
      "application/vnd.plotly.v1+json": {
       "config": {
        "plotlyServerURL": "https://plot.ly"
       },
       "data": [
        {
         "coloraxis": "coloraxis",
         "hovertemplate": "x: %{x}<br>y: %{y}<br>color: %{z}<extra></extra>",
         "name": "0",
         "type": "heatmap",
         "x": [
          "Age",
          "Attrition",
          "DailyRate",
          "DistanceFromHome",
          "Education",
          "EnvironmentSatisfaction",
          "Gender",
          "HourlyRate",
          "JobInvolvement",
          "JobLevel",
          "JobSatisfaction",
          "MonthlyIncome",
          "MonthlyRate",
          "NumCompaniesWorked",
          "OverTime",
          "PercentSalaryHike",
          "PerformanceRating",
          "RelationshipSatisfaction",
          "StockOptionLevel",
          "TotalWorkingYears",
          "TrainingTimesLastYear",
          "WorkLifeBalance",
          "YearsAtCompany",
          "YearsInCurrentRole",
          "YearsSinceLastPromotion",
          "YearsWithCurrManager",
          "BusinessTravel_Travel_Frequently",
          "BusinessTravel_Travel_Rarely",
          "Department_Research & Development",
          "Department_Sales",
          "EducationField_Life Sciences",
          "EducationField_Marketing",
          "EducationField_Medical",
          "EducationField_Other",
          "EducationField_Technical Degree",
          "JobRole_Human Resources",
          "JobRole_Laboratory Technician",
          "JobRole_Manager",
          "JobRole_Manufacturing Director",
          "JobRole_Research Director",
          "JobRole_Research Scientist",
          "JobRole_Sales Executive",
          "JobRole_Sales Representative",
          "MaritalStatus_Married",
          "MaritalStatus_Single"
         ],
         "xaxis": "x",
         "y": [
          "Age",
          "Attrition",
          "DailyRate",
          "DistanceFromHome",
          "Education",
          "EnvironmentSatisfaction",
          "Gender",
          "HourlyRate",
          "JobInvolvement",
          "JobLevel",
          "JobSatisfaction",
          "MonthlyIncome",
          "MonthlyRate",
          "NumCompaniesWorked",
          "OverTime",
          "PercentSalaryHike",
          "PerformanceRating",
          "RelationshipSatisfaction",
          "StockOptionLevel",
          "TotalWorkingYears",
          "TrainingTimesLastYear",
          "WorkLifeBalance",
          "YearsAtCompany",
          "YearsInCurrentRole",
          "YearsSinceLastPromotion",
          "YearsWithCurrManager",
          "BusinessTravel_Travel_Frequently",
          "BusinessTravel_Travel_Rarely",
          "Department_Research & Development",
          "Department_Sales",
          "EducationField_Life Sciences",
          "EducationField_Marketing",
          "EducationField_Medical",
          "EducationField_Other",
          "EducationField_Technical Degree",
          "JobRole_Human Resources",
          "JobRole_Laboratory Technician",
          "JobRole_Manager",
          "JobRole_Manufacturing Director",
          "JobRole_Research Director",
          "JobRole_Research Scientist",
          "JobRole_Sales Executive",
          "JobRole_Sales Representative",
          "MaritalStatus_Married",
          "MaritalStatus_Single"
         ],
         "yaxis": "y",
         "z": [
          [
           1,
           -0.15920500686577962,
           0.010660942645538433,
           -0.00168612014808715,
           0.2080337310142398,
           0.010146427861437268,
           -0.03631055011579357,
           0.024286542550967197,
           0.029819958629590578,
           0.5096042284323842,
           -0.00489187714868713,
           0.4978545669265801,
           0.02805116713392273,
           0.2996347579836926,
           0.02806235708412427,
           0.0036335849148618872,
           0.0019038955127587383,
           0.053534719671229365,
           0.037509712424777526,
           0.6803805357911985,
           -0.01962081894269849,
           -0.021490027957098715,
           0.3113087697450989,
           0.21290105556556793,
           0.2165133678516537,
           0.20208860237515264,
           -0.024743127084714493,
           0.02879121521933919,
           0.01788296025838496,
           -0.02754873321014975,
           0.016823698044466696,
           0.038161964863394,
           -0.0063544884254894025,
           -0.04146568130501158,
           -0.02760438784107231,
           -0.0298563636491923,
           -0.14317552140370277,
           0.29424775427812744,
           0.04972634154449521,
           0.18589108823909353,
           -0.1465176798552159,
           -0.0020014187410555347,
           -0.17578530885734148,
           0.08391921035720275,
           -0.11918517392368927
          ],
          [
           -0.15920500686577962,
           1,
           -0.05665199186762936,
           0.07792358295570369,
           -0.031372819640049315,
           -0.10336897833793603,
           0.029453253175141608,
           -0.006845549572139952,
           -0.13001595678605374,
           -0.16910475093102761,
           -0.10348112606902123,
           -0.15983958238498852,
           0.015170212530471473,
           0.04349373905781363,
           0.24611799424580436,
           -0.01347820205743911,
           0.0028887517110809,
           -0.0458722788811267,
           -0.13714491893332562,
           -0.17106324613622612,
           -0.05947779855642057,
           -0.06393904721740885,
           -0.13439221398997708,
           -0.16054500426770077,
           -0.033018775142584306,
           -0.1561993159016288,
           0.11514276554505062,
           -0.04953783836694761,
           -0.08529292757679666,
           0.0808552021360538,
           -0.0327031477228971,
           0.055780665721763614,
           -0.04699871587806988,
           -0.01789751683193894,
           0.06935459476482032,
           0.03621508206985592,
           0.09829048545960263,
           -0.08331638416449753,
           -0.08299392408134602,
           -0.08886984174978112,
           -0.00035957134043657725,
           0.019774368459259624,
           0.15723427011479307,
           -0.09098365120728215,
           0.17541855360921932
          ],
          [
           0.010660942645538433,
           -0.05665199186762936,
           1,
           -0.00498533735255263,
           -0.01680643320915763,
           0.018354854300385557,
           -0.011716137907748132,
           0.023381421528320526,
           0.04613487399781112,
           0.0029663348551116197,
           0.030571007837143983,
           0.007707058872006053,
           -0.03218160152258194,
           0.0381534342794098,
           0.009134969901135003,
           0.022703677496334968,
           0.00047329632718855213,
           0.007846030957248387,
           0.04214279637720667,
           0.014514738706320902,
           0.002452542712083144,
           -0.03784805100578179,
           -0.03405476756854742,
           0.009932014960094215,
           -0.033228984787772024,
           -0.026363178228837676,
           -0.011775607652048875,
           0.002078073032131578,
           0.01487063379699443,
           -0.0036156827124136657,
           0.0040279302327044875,
           -0.0644491243976675,
           0.034201627866786946,
           -0.0038933921698091033,
           0.030868865158114454,
           -0.02115577202383151,
           -0.00672758080308914,
           -0.013223882230405682,
           -0.005302011701421482,
           -2.124095300728191e-05,
           -0.00262423099525555,
           -0.0005128889207940944,
           0.0053753838512121095,
           0.04003469615085706,
           -0.07583515247022096
          ],
          [
           -0.00168612014808715,
           0.07792358295570369,
           -0.00498533735255263,
           1,
           0.021041825624123392,
           -0.016075326996493524,
           -0.001850527991125823,
           0.03113058561176572,
           0.008783279886444255,
           0.005302730554496216,
           -0.0036688391677205793,
           -0.017014444745275862,
           0.02747286354888413,
           -0.029250804197293017,
           0.025513634949946202,
           0.040235377459193075,
           0.027109618481976,
           0.006557474646578779,
           0.04487199885318152,
           0.004628425863783857,
           -0.036942234339915794,
           -0.02655600410656903,
           0.009507719899011289,
           0.018844999108945746,
           0.010028835943115395,
           0.014406048430630005,
           0.005081409341811715,
           -0.02011632548625084,
           -0.008117374649491456,
           0.014084535596212217,
           -0.024499294485138275,
           0.0392942385783571,
           0.01348637696425742,
           -0.007968536459388784,
           -0.014801845738550055,
           -0.024089074840624808,
           0.01236888575250042,
           -0.03918960706338793,
           0.011847605945529052,
           -0.02235060000714756,
           -0.010985650729399374,
           0.030760987219836982,
           -0.015994182928269353,
           0.030232069479891665,
           -0.027445259295222315
          ],
          [
           0.2080337310142398,
           -0.031372819640049315,
           -0.01680643320915763,
           0.021041825624123392,
           1,
           -0.027128313256511792,
           -0.016546827443885605,
           0.01677482888096076,
           0.042437634318607954,
           0.10158888624850043,
           -0.011296116736574002,
           0.09496067704188883,
           -0.026084197160047493,
           0.12631656017668452,
           -0.020321767395703745,
           -0.011110940860654192,
           -0.024538791164833557,
           -0.009118376696381533,
           0.018422220204016834,
           0.1482796965388733,
           -0.025100241137933348,
           0.00981918930978191,
           0.06911369603133866,
           0.06023555412069576,
           0.054254333591320224,
           0.06906537825528458,
           -0.008292047745726228,
           0.004125952113220323,
           -0.0186035998405642,
           0.014215146533267269,
           0.013184428027973826,
           0.072405434479497,
           -0.07233475979747712,
           0.03804311460704872,
           -0.026741873622068178,
           -0.0052951467091713125,
           -0.06356602764249304,
           0.028453047508583025,
           -0.005290467061811183,
           0.04969407185858943,
           0.0007092033696276465,
           0.05339807145288606,
           -0.09146520801149521,
           -0.0018652925069998028,
           0.004167542666458819
          ],
          [
           0.010146427861437268,
           -0.10336897833793603,
           0.018354854300385557,
           -0.016075326996493524,
           -0.027128313256511792,
           1,
           0.0005083138899311308,
           -0.04985695620300066,
           -0.008277598171759099,
           0.001211699448913883,
           -0.006784352599075007,
           -0.0062590877547801654,
           0.037599622865715374,
           0.012594323218943297,
           0.07013172677409499,
           -0.031701195241792046,
           -0.02954795229768088,
           0.007665383541074558,
           0.0034321577550574162,
           -0.002693070388534207,
           -0.01935930834713247,
           0.027627295460115428,
           0.0014575491911164862,
           0.01800746014287853,
           0.016193605568453326,
           -0.004998722628107581,
           -0.012624212515110183,
           0.008495654681588853,
           0.027976126603615536,
           -0.0256060448617131,
           -0.024525660048364976,
           0.0004786133576156004,
           -0.021298678881480827,
           0.06460159604189179,
           0.027713408643037653,
           -0.022014028333158436,
           -0.0015329215134445102,
           0.010729647255769203,
           0.0591775597524683,
           -0.04868921808600706,
           0.0019403931247545189,
           -0.02442137423623219,
           0.0029486023460434906,
           -0.022180172946198146,
           0.009035491017375436
          ],
          [
           -0.03631055011579357,
           0.029453253175141608,
           -0.011716137907748132,
           -0.001850527991125823,
           -0.016546827443885605,
           0.0005083138899311308,
           1,
           -0.0004782970511301569,
           0.01795975538391724,
           -0.03940310267613361,
           0.03325169742246444,
           -0.03185849179665437,
           -0.04148220511998838,
           -0.03914744956027873,
           -0.04192434795198779,
           0.002732647514859198,
           -0.01385901836168926,
           0.022868369968027304,
           0.012715713764063505,
           -0.046880939477783164,
           -0.038786735477879065,
           -0.0027526788208192426,
           -0.02974708593503422,
           -0.041482728525767794,
           -0.026984577172944443,
           -0.030598909280602517,
           -0.02201536865533331,
           -0.01468180747491554,
           0.015760411549126347,
           -0.032017162242526605,
           0.006770370530853218,
           -0.02414283303653326,
           -0.013145862183869846,
           0.02299197700875595,
           0.0038857006841997005,
           0.036082434280106206,
           0.06779308068162099,
           -0.033879963522643955,
           -0.06519742967526493,
           -0.006121276335929915,
           0.009745145764694539,
           -0.005348014173047763,
           -0.028877416702383446,
           -0.007803972272476365,
           -0.03275202337964786
          ],
          [
           0.024286542550967197,
           -0.006845549572139952,
           0.023381421528320526,
           0.03113058561176572,
           0.01677482888096076,
           -0.04985695620300066,
           -0.0004782970511301569,
           1,
           0.04286064097152976,
           -0.027853486405547218,
           -0.07133462437378787,
           -0.015794304380892982,
           -0.015296749550649661,
           0.02215688339019683,
           -0.007781974360999847,
           -0.00906198625374016,
           -0.002171697427810162,
           0.0013304527859508606,
           0.050263399065119486,
           -0.002333681823322269,
           -0.008547685209270649,
           -0.004607233750264554,
           -0.019581616209121275,
           -0.02410622020878498,
           -0.02671558606433524,
           -0.020123200184066006,
           -0.018818701534842174,
           0.027541324194856016,
           0.018686496329088816,
           -0.012047228858262798,
           0.03875905603042936,
           0.0044518153133224665,
           -0.020417966686630103,
           -0.04216297417950934,
           0.011283335437401324,
           -0.01618935107811541,
           0.018028428200841988,
           0.012659370040804443,
           -0.01439390450238636,
           -0.025128455154375513,
           0.02003367861988949,
           -0.011886196300829155,
           -0.018703398465039076,
           0.036432321760516,
           -0.033435957526772524
          ],
          [
           0.029819958629590578,
           -0.13001595678605374,
           0.04613487399781112,
           0.008783279886444255,
           0.042437634318607954,
           -0.008277598171759099,
           0.01795975538391724,
           0.04286064097152976,
           1,
           -0.012629882671190631,
           -0.021475910335306454,
           -0.015271490778732832,
           -0.016322079053317298,
           0.015012413243110999,
           -0.0035067105694042582,
           -0.017204572244480378,
           -0.029071333439069817,
           0.034296820611197744,
           0.021522640378023858,
           -0.0055331820574074635,
           -0.015337825759429116,
           -0.014616593162761865,
           -0.021355426979629725,
           0.00871696349761169,
           -0.024184292365179074,
           0.025975807949088936,
           0.004423606032637332,
           0.02671353275102755,
           0.02318711125638453,
           -0.026106586649908784,
           0.003227532966990617,
           -0.018657341249112173,
           0.01710252960395396,
           -0.011894659955987204,
           -0.004519417183491163,
           -0.004951807395748627,
           -0.02272356222816646,
           0.017112423408461846,
           -0.021938571484758286,
           0.01519993345676117,
           0.047604470995711475,
           -0.011413129955688267,
           -0.02728169967811036,
           0.028324424347787373,
           -0.04525328672176578
          ],
          [
           0.5096042284323842,
           -0.16910475093102761,
           0.0029663348551116197,
           0.005302730554496216,
           0.10158888624850043,
           0.001211699448913883,
           -0.03940310267613361,
           -0.027853486405547218,
           -0.012629882671190631,
           1,
           -0.0019437080267456581,
           0.9502999134798473,
           0.03956295104568388,
           0.1425011238104873,
           0.0005440477748809324,
           -0.03473049227941817,
           -0.021222082108857152,
           0.021641510532591595,
           0.013983910528615457,
           0.7822078045362748,
           -0.018190550193549416,
           0.037817745596666404,
           0.5347386873756308,
           0.3894467328766705,
           0.3538853469641021,
           0.37528060776572636,
           -0.021557268334049837,
           0.023433289849134745,
           -0.10782968451626888,
           0.11430683928872652,
           -0.008431405279722639,
           0.09269847318984967,
           -0.0141143415678074,
           -0.016724486305691236,
           -0.05470660299296421,
           -0.10092231076655406,
           -0.34460816240739645,
           0.5527441162379684,
           0.1148958643170131,
           0.41431854803521667,
           -0.387788338722833,
           0.12748998159288336,
           -0.21655936441039259,
           0.05054707479845025,
           -0.08707163390043449
          ],
          [
           -0.00489187714868713,
           -0.10348112606902123,
           0.030571007837143983,
           -0.0036688391677205793,
           -0.011296116736574002,
           -0.006784352599075007,
           0.03325169742246444,
           -0.07133462437378787,
           -0.021475910335306454,
           -0.0019437080267456581,
           1,
           -0.00715674235591272,
           0.0006439169427037768,
           -0.05569942601274605,
           0.02453948106003157,
           0.020002039364081927,
           0.0022971970637806114,
           -0.012453593161926702,
           0.010690226120755746,
           -0.020185072685016788,
           -0.005779334958609115,
           -0.01945871021297396,
           -0.0038026279482880534,
           -0.002304785229830135,
           -0.01821356781019079,
           -0.027656213884289974,
           0.02711691811213317,
           -0.03656192361135518,
           -0.0027976357623328524,
           0.013498641398039862,
           0.05200417814820748,
           -0.02352823943958638,
           -0.022645460408123857,
           0.0033799931611426756,
           -0.019794968473403642,
           -0.02968147001120358,
           -0.015710233114791663,
           -0.005619616624786519,
           -0.013746616636257357,
           -0.0062173082178826255,
           0.020503061478235024,
           0.012603740166983225,
           0.0014130556178142029,
           -0.010314939156733382,
           0.024571362098382996
          ],
          [
           0.4978545669265801,
           -0.15983958238498852,
           0.007707058872006053,
           -0.017014444745275862,
           0.09496067704188883,
           -0.0062590877547801654,
           -0.03185849179665437,
           -0.015794304380892982,
           -0.015271490778732832,
           0.9502999134798473,
           -0.00715674235591272,
           1,
           0.034813626134121846,
           0.14951521598969805,
           0.006089285402589954,
           -0.02726858644031447,
           -0.01712013823739077,
           0.025873436137557656,
           0.005407676696812238,
           0.7728932462543574,
           -0.02173627682389331,
           0.030683081556940557,
           0.5142848257331957,
           0.3638176669287084,
           0.3449776381654271,
           0.34407888325872127,
           -0.03165792170842708,
           0.038779138933193985,
           -0.06472045224800851,
           0.06397751976550561,
           -0.007054332518285369,
           0.06257560065082808,
           0.0010253225219747474,
           -0.022278709476425605,
           -0.04969511804508529,
           -0.09224973083989817,
           -0.32090579889313736,
           0.6195731123190038,
           0.055683925181990494,
           0.48581843463229263,
           -0.3451800266291877,
           0.04779163302338953,
           -0.201513535200689,
           0.05676739273840364,
           -0.08936135373925383
          ],
          [
           0.02805116713392273,
           0.015170212530471473,
           -0.03218160152258194,
           0.02747286354888413,
           -0.026084197160047493,
           0.037599622865715374,
           -0.04148220511998838,
           -0.015296749550649661,
           -0.016322079053317298,
           0.03956295104568388,
           0.0006439169427037768,
           0.034813626134121846,
           1,
           0.017521353415571563,
           0.021431144567353413,
           -0.006429345946711407,
           -0.00981142848936084,
           -0.004085329337519686,
           -0.034322830206660805,
           0.026442471176015385,
           0.0014668806322858448,
           0.007963157516977033,
           -0.023655106706177275,
           -0.012814874370471728,
           0.001566799514676175,
           -0.036745905336769386,
           0.000344314842497017,
           -0.010483987234550036,
           -0.005452981027877362,
           0.016388267721456903,
           0.025544609831143587,
           -0.011558631177456938,
           -0.0017225692377375187,
           -0.0356055188189703,
           -0.00453524044599413,
           -0.027470358180154964,
           -0.016056496412368827,
           0.03171681830942349,
           0.007711273442446247,
           0.02587549098298889,
           -0.027008353562353888,
           0.011854275947131029,
           -0.0011998071286370474,
           -0.03468878717133183,
           0.037259861585440215
          ],
          [
           0.2996347579836926,
           0.04349373905781363,
           0.0381534342794098,
           -0.029250804197293017,
           0.12631656017668452,
           0.012594323218943297,
           -0.03914744956027873,
           0.02215688339019683,
           0.015012413243110999,
           0.1425011238104873,
           -0.05569942601274605,
           0.14951521598969805,
           0.017521353415571563,
           1,
           -0.020785821366833934,
           -0.010238309359925521,
           -0.014094872753535133,
           0.05273304856488617,
           0.030075475096897484,
           0.23763858978479552,
           -0.06605407172783646,
           -0.008365684790058631,
           -0.11842134024259104,
           -0.0907539337008081,
           -0.03681389238350808,
           -0.11031915543773241,
           -0.03971803138192917,
           0.03240060640775359,
           0.022237373986101715,
           -0.03209689476344766,
           -0.006130619260812642,
           -0.018610833579165736,
           0.02482649851361409,
           -0.012869705179778862,
           -0.013818721699057108,
           0.020578070725254777,
           -0.02112099153469394,
           0.04212457405940677,
           0.009580496658432929,
           0.09792521790778119,
           -0.04398122357724641,
           0.005913261949418773,
           -0.10449447297075933,
           -0.0161420783236768,
           -0.019160847395579533
          ],
          [
           0.02806235708412427,
           0.24611799424580436,
           0.009134969901135003,
           0.025513634949946202,
           -0.020321767395703745,
           0.07013172677409499,
           -0.04192434795198779,
           -0.007781974360999847,
           -0.0035067105694042582,
           0.0005440477748809324,
           0.02453948106003157,
           0.006089285402589954,
           0.021431144567353413,
           -0.020785821366833934,
           1,
           -0.005432826650792697,
           0.004369120061651961,
           0.04849280287013859,
           -0.0004486707219197341,
           0.01275426634193641,
           -0.07911337155100957,
           -0.02709187847239314,
           -0.011687120468355147,
           -0.029758008947989495,
           -0.012238822598887953,
           -0.041585998653857856,
           0.029391745642947352,
           -0.0005385845544996275,
           -0.00303597202149958,
           0.005863804092724865,
           -0.013787274276141681,
           0.014607038904293889,
           0.0022457879981175382,
           0.024969501954123608,
           -0.017723156598901155,
           -0.014026144999773739,
           -0.044773784057389306,
           -0.011085552552484829,
           -0.01030178014861811,
           0.0024002501484605347,
           0.0543778138713147,
           0.0063405836697607,
           0.003347137805406334,
           -0.013502214628886566,
           -0.006498395152435763
          ],
          [
           0.0036335849148618872,
           -0.01347820205743911,
           0.022703677496334968,
           0.040235377459193075,
           -0.011110940860654192,
           -0.031701195241792046,
           0.002732647514859198,
           -0.00906198625374016,
           -0.017204572244480378,
           -0.03473049227941817,
           0.020002039364081927,
           -0.02726858644031447,
           -0.006429345946711407,
           -0.010238309359925521,
           -0.005432826650792697,
           1,
           0.7735499964012664,
           -0.04049008105707734,
           0.0075277478205202026,
           -0.020608487617691264,
           -0.005221012351721004,
           -0.0032796360093680704,
           -0.03599126243195373,
           -0.0015200265442777774,
           -0.022154312598866126,
           -0.01198524847236139,
           -0.006674552489725802,
           -0.018648651264286092,
           0.030735414126829702,
           -0.020403155564646645,
           0.010209488479574449,
           -0.027726122465738533,
           0.029116141970030474,
           0.01929731153313575,
           -0.04270129365450232,
           -0.021032050293152624,
           -0.020627667383855238,
           -0.005393648019721333,
           0.03468212366651982,
           -0.017017230270309876,
           0.03253748074943721,
           -0.04668274643282717,
           0.031102209561365498,
           0.02089544107677962,
           -0.0013858898404772982
          ],
          [
           0.0019038955127587383,
           0.0028887517110809,
           0.00047329632718855213,
           0.027109618481976,
           -0.024538791164833557,
           -0.02954795229768088,
           -0.01385901836168926,
           -0.002171697427810162,
           -0.029071333439069817,
           -0.021222082108857152,
           0.0022971970637806114,
           -0.01712013823739077,
           -0.00981142848936084,
           -0.014094872753535133,
           0.004369120061651961,
           0.7735499964012664,
           1,
           -0.031351455442454886,
           0.003506471614809783,
           0.0067436679059531685,
           -0.015578881739137565,
           0.002572361317682639,
           0.0034351261159238713,
           0.034986260407194936,
           0.017896066144799785,
           0.022827168908479807,
           0.01646289244451501,
           -0.026389634068172005,
           0.03272042950856494,
           -0.03104968782929163,
           0.010853083085793018,
           -0.02091844411888091,
           0.01486770579775181,
           0.011448903196236464,
           -0.021729280842096715,
           -0.01015414067087799,
           0.010796354957628478,
           0.03205009888218037,
           0.029774861119193596,
           -0.03574376325223125,
           0.019416217485639705,
           -0.041401206087743336,
           -0.006214413066914293,
           0.009584628101389034,
           -0.0010453705423778923
          ],
          [
           0.053534719671229365,
           -0.0458722788811267,
           0.007846030957248387,
           0.006557474646578779,
           -0.009118376696381533,
           0.007665383541074558,
           0.022868369968027304,
           0.0013304527859508606,
           0.034296820611197744,
           0.021641510532591595,
           -0.012453593161926702,
           0.025873436137557656,
           -0.004085329337519686,
           0.05273304856488617,
           0.04849280287013859,
           -0.04049008105707734,
           -0.031351455442454886,
           1,
           -0.045952490716561906,
           0.02405429182134145,
           0.002496526392116996,
           0.01960440570396871,
           0.019366786877455463,
           -0.015122914881937748,
           0.033492502069354176,
           -0.0008674968446256695,
           0.028500440602392416,
           -0.03864037216127971,
           -0.004586853578571597,
           -0.01048863430313719,
           -0.019972726617503475,
           -0.006579794873315414,
           0.030494188596123545,
           -0.02030522013112108,
           -0.011043556036347973,
           0.044168513692099946,
           -0.01069095179565097,
           0.025637648754910525,
           0.0036400458298008935,
           -0.005492390706152876,
           -0.0031164012459351494,
           -0.004835674049771482,
           -0.024858834253708675,
           -0.043382251211349386,
           0.04081702595753594
          ],
          [
           0.037509712424777526,
           -0.13714491893332562,
           0.04214279637720667,
           0.04487199885318152,
           0.018422220204016834,
           0.0034321577550574162,
           0.012715713764063505,
           0.050263399065119486,
           0.021522640378023858,
           0.013983910528615457,
           0.010690226120755746,
           0.005407676696812238,
           -0.034322830206660805,
           0.030075475096897484,
           -0.0004486707219197341,
           0.0075277478205202026,
           0.003506471614809783,
           -0.045952490716561906,
           1,
           0.010135969318901629,
           0.011274069611249207,
           0.004128730002871338,
           0.015058008028094509,
           0.050817872753931646,
           0.01435218486435548,
           0.02469822656303012,
           -0.016142113874364254,
           -0.0053027044206383975,
           0.01692650465420455,
           -0.015755408166675828,
           -0.017992829593118743,
           0.02256007573220539,
           0.03374975696499571,
           -0.04209975338591031,
           -0.02456030119104831,
           -0.009864498983653821,
           0.013386178923933557,
           -0.01563736533916658,
           0.0077345938897134,
           0.015806776160171298,
           -0.011634532312436998,
           0.015755961392389148,
           -0.048067495018850936,
           0.2255742330486713,
           -0.6389568735215471
          ],
          [
           0.6803805357911985,
           -0.17106324613622612,
           0.014514738706320902,
           0.004628425863783857,
           0.1482796965388733,
           -0.002693070388534207,
           -0.046880939477783164,
           -0.002333681823322269,
           -0.0055331820574074635,
           0.7822078045362748,
           -0.020185072685016788,
           0.7728932462543574,
           0.026442471176015385,
           0.23763858978479552,
           0.01275426634193641,
           -0.020608487617691264,
           0.0067436679059531685,
           0.02405429182134145,
           0.010135969318901629,
           1,
           -0.03566157127961907,
           0.0010076456218964924,
           0.6281331552682468,
           0.46036463801180993,
           0.4048577585025587,
           0.45918839708314385,
           -0.012176932557904533,
           0.030320318410454017,
           0.011086882601216383,
           -0.0147814399757787,
           -0.0036304137017868832,
           0.02577856730899059,
           0.024890057661754547,
           -0.02893453028093503,
           -0.041576558666245426,
           -0.0764824056022665,
           -0.21542554333679095,
           0.4658367766997883,
           0.06407710856434323,
           0.31214771611866426,
           -0.22811892957324464,
           -0.012241357558148933,
           -0.20772613702386564,
           0.05351213033216589,
           -0.08952935421357805
          ],
          [
           -0.01962081894269849,
           -0.05947779855642057,
           0.002452542712083144,
           -0.036942234339915794,
           -0.025100241137933348,
           -0.01935930834713247,
           -0.038786735477879065,
           -0.008547685209270649,
           -0.015337825759429116,
           -0.018190550193549416,
           -0.005779334958609115,
           -0.02173627682389331,
           0.0014668806322858448,
           -0.06605407172783646,
           -0.07911337155100957,
           -0.005221012351721004,
           -0.015578881739137565,
           0.002496526392116996,
           0.011274069611249207,
           -0.03566157127961907,
           1,
           0.02807220660362872,
           0.003568665678427449,
           -0.0057375043379568925,
           -0.0020665360380059438,
           -0.004095526021226202,
           0.006193101475111605,
           0.008498390373475925,
           -0.006818579686405734,
           0.024688427934508508,
           -0.03901806815471941,
           -0.029046413181110838,
           0.07054182814786321,
           -0.008151216201990165,
           0.008289250452134734,
           -0.03590157129258804,
           0.05399842821493839,
           0.003052087393129399,
           -0.01398664726297361,
           -0.004526890482947516,
           -0.052125571630715496,
           0.013241076706121561,
           0.040376633421367346,
           -0.029602420790940363,
           0.024128838221689868
          ],
          [
           -0.021490027957098715,
           -0.06393904721740885,
           -0.03784805100578179,
           -0.02655600410656903,
           0.00981918930978191,
           0.027627295460115428,
           -0.0027526788208192426,
           -0.004607233750264554,
           -0.014616593162761865,
           0.037817745596666404,
           -0.01945871021297396,
           0.030683081556940557,
           0.007963157516977033,
           -0.008365684790058631,
           -0.02709187847239314,
           -0.0032796360093680704,
           0.002572361317682639,
           0.01960440570396871,
           0.004128730002871338,
           0.0010076456218964924,
           0.02807220660362872,
           1,
           0.012089185354581315,
           0.04985649792220436,
           0.008941249141234323,
           0.002759440242340428,
           0.010199439870303993,
           -0.012639572477479882,
           -0.06992156669565826,
           0.05132046657355684,
           -0.0397280249151802,
           0.018500492448028677,
           0.0016410738540388382,
           0.03181226719250707,
           0.021962120536247767,
           0.043886732819352334,
           -0.02820859798875312,
           0.005136642326640819,
           0.002010769459746655,
           0.03440269731774611,
           -0.05861263767550073,
           0.0320915249316494,
           0.04514762496894129,
           -0.0063879945544270955,
           0.014921370508689635
          ],
          [
           0.3113087697450989,
           -0.13439221398997708,
           -0.03405476756854742,
           0.009507719899011289,
           0.06911369603133866,
           0.0014575491911164862,
           -0.02974708593503422,
           -0.019581616209121275,
           -0.021355426979629725,
           0.5347386873756308,
           -0.0038026279482880534,
           0.5142848257331957,
           -0.023655106706177275,
           -0.11842134024259104,
           -0.011687120468355147,
           -0.03599126243195373,
           0.0034351261159238713,
           0.019366786877455463,
           0.015058008028094509,
           0.6281331552682468,
           0.003568665678427449,
           0.012089185354581315,
           1,
           0.7587537366134619,
           0.6184088652176047,
           0.7692124251007031,
           0.012991460465029133,
           -0.016273927936380824,
           -0.032181305626792,
           0.029804897165527564,
           -0.0020189001056403044,
           0.03136485904178955,
           0.010805170876414263,
           -0.030331042758785686,
           -0.021398983692140328,
           -0.05256865528877009,
           -0.15018106832844505,
           0.33096516896105593,
           0.03196771012453865,
           0.1539183469189039,
           -0.15406210222503441,
           0.04260231622950281,
           -0.16346437473717193,
           0.0449246913336698,
           -0.07093537705465296
          ],
          [
           0.21290105556556793,
           -0.16054500426770077,
           0.009932014960094215,
           0.018844999108945746,
           0.06023555412069576,
           0.01800746014287853,
           -0.041482728525767794,
           -0.02410622020878498,
           0.00871696349761169,
           0.3894467328766705,
           -0.002304785229830135,
           0.3638176669287084,
           -0.012814874370471728,
           -0.0907539337008081,
           -0.029758008947989495,
           -0.0015200265442777774,
           0.034986260407194936,
           -0.015122914881937748,
           0.050817872753931646,
           0.46036463801180993,
           -0.0057375043379568925,
